
**********************************************************
*** MLMC file version 1.0     produced by              ***
*** C++ mlmc_test on Fri Jul 17 23:01:40 2026          ***
**********************************************************

**********************************************************
*** Convergence tests, kurtosis, telescoping sum check ***
*** using N =  50000 samples                           ***
**********************************************************

 l   ave(Pf-Pc)    ave(Pf)   var(Pf-Pc)    var(Pf)    kurtosis     check        cost 
---------------------------------------------------------------------------------------
 0   1.0976e+01  1.0976e+01  2.5088e+02  2.5088e+02  6.3709e+00  0.0000e+00  1.0000e+00 
 1  -1.9261e-06 -1.9261e-06  1.0000e-10  1.0000e-10  1.9255e-01  0.0000e+00  2.0000e+00 
 2   1.6801e-01  1.1120e+01  5.3555e-01  2.6063e+02  4.9382e+01  0.0000e+00  2.0000e+00 
 3   3.0305e-08 -1.6242e-06  1.0000e-10  1.0000e-10  5.9104e-01  5.3913e-02  4.0000e+00 
 4   1.1013e-01  1.1310e+01  1.8485e-01  2.7750e+02  6.1144e+01  0.0000e+00  4.0000e+00 
 5  -3.6892e-08 -1.9446e-06  1.0000e-10  1.0000e-10  9.9406e-01  1.7909e-01  8.0000e+00 
 6   5.7928e-02  1.1366e+01  4.8975e-02  2.7810e+02  3.1758e+01  0.0000e+00  8.0000e+00 
 7   6.8535e-08 -1.5955e-06  1.0000e-10  1.0000e-10  2.0544e+00  4.7550e-03  1.6000e+01 
 8   2.9938e-02  1.1298e+01  1.3299e-02  2.7297e+02  2.2581e+01  0.0000e+00  1.6000e+01 
 9  -1.5733e-08 -1.9298e-06  1.0000e-10  1.0000e-10  5.3166e+00  2.2041e-01  3.2000e+01 
10   1.5428e-02  1.1501e+01  3.5865e-03  2.8058e+02  1.6869e+01  0.0000e+00  3.2000e+01 
11   1.6333e-08 -1.5914e-06  1.6370e-10  1.0994e-10  6.3689e+00  4.2036e-01  6.4000e+01 
12   7.6639e-03  1.1227e+01  8.8685e-04  2.7424e+02  1.1402e+01  0.0000e+00  6.4000e+01 
13  -7.6936e-08 -1.9326e-06  3.0125e-10  2.0050e-10  6.4680e+00  6.3087e-01  1.2800e+02 
14   3.8561e-03  1.1323e+01  2.2654e-04  2.8004e+02  1.1204e+01  0.0000e+00  1.2800e+02 
15   1.3704e-07 -1.5101e-06  5.6986e-10  3.8033e-10  6.1760e+00  2.0789e-01  2.5600e+02 
16   1.9513e-03  1.1263e+01  5.6537e-05  2.7579e+02  1.0729e+01  0.0000e+00  2.5600e+02 
17  -1.0478e-07 -2.0530e-06  1.1404e-09  7.5270e-10  6.4365e+00  1.3845e-01  5.1200e+02 
18   9.9658e-04  1.1393e+01  1.4391e-05  2.8123e+02  1.0032e+01  0.0000e+00  5.1200e+02 
19   6.2328e-07 -1.2474e-06  2.3426e-09  1.5003e-09  6.4551e+00  2.8731e-01  1.0240e+03 
20   4.8429e-04  1.1410e+01  3.5610e-06  2.8164e+02  9.0641e+00  0.0000e+00  1.0240e+03 
21  -1.0418e-06 -2.8414e-06  4.5897e-09  2.9127e-09  6.6992e+00  3.7546e-02  2.0480e+03 

******************************************************
*** Linear regression estimates of MLMC parameters ***
******************************************************

 alpha = 0.956367  (exponent for MLMC weak convergence)
 beta  = 1.931895  (exponent for MLMC variance) 
 gamma = 1.000000  (exponent for MLMC cost) 

***************************** 
*** MLMC complexity tests *** 
***************************** 

  eps       value   mlmc_cost   std_cost  savings     N_l 
--------------------------------------------------------- 
0.0100  1.1369e+01  5.157e+06  9.559e+08   185.36   4147707      200   143149      200    53920      200    21233        1     7937        1     2954        1     1066        1      345        1
0.0200  1.1360e+01  1.294e+06  1.170e+08    90.45   1055606      200    34390      200    13836      200     5085        1     1811        1      752        1      268        1
0.0500  1.1311e+01  2.463e+05  9.577e+06    38.89    208448      200     5569      200     2608      200      754        1      265        1       96        1
0.1000  1.1201e+01  4.838e+04  5.933e+05    12.26     38347      200     1927      200      494      200      173        1
0.2000  1.1522e+01  1.428e+04  1.483e+05    10.38      9785      200      277      200      200      200       41        1

