
**********************************************************
*** MLMC file version 1.0     produced by              ***
*** C++ mlmc_test on Fri Jul 17 23:02:14 2026          ***
**********************************************************

**********************************************************
*** Convergence tests, kurtosis, telescoping sum check ***
*** using N =  50000 samples                           ***
**********************************************************

 l   ave(Pf-Pc)    ave(Pf)   var(Pf-Pc)    var(Pf)    kurtosis     check        cost 
---------------------------------------------------------------------------------------
 0   6.1823e+00  6.1823e+00  7.6343e+01  7.6343e+01  6.0156e+00  0.0000e+00  1.0000e+00 
 1  -9.6583e-07 -9.6583e-07  1.0000e-10  1.0000e-10  4.7636e-02  0.0000e+00  2.0000e+00 
 2   4.0833e-02  6.2842e+00  7.8037e-01  7.9637e+01  1.1397e+01  0.0000e+00  2.0000e+00 
 3  -3.3553e-07 -1.2033e-06  1.0000e-10  1.0000e-10  1.0807e+00  2.4522e-01  4.0000e+00 
 4   4.0372e-02  6.1932e+00  1.2094e-01  7.9136e+01  1.2009e+01  0.0000e+00  4.0000e+00 
 5  -9.0729e-08 -1.4578e-06  1.0000e-10  1.0000e-10  1.1216e+00  5.3892e-01  8.0000e+00 
 6   2.6962e-02  6.2167e+00  2.2118e-02  7.8428e+01  1.0460e+01  0.0000e+00  8.0000e+00 
 7  -3.4728e-08 -1.4170e-06  1.0000e-10  1.0000e-10  1.2113e+00  1.4432e-02  1.6000e+01 
 8   1.5672e-02  6.2295e+00  4.5910e-03  7.8982e+01  1.2566e+01  0.0000e+00  1.6000e+01 
 9  -4.5931e-08 -1.6085e-06  1.0000e-10  1.0000e-10  2.1985e+00  1.1918e-02  3.2000e+01 
10   8.3116e-03  6.1868e+00  1.0413e-03  7.8457e+01  9.5771e+00  0.0000e+00  3.2000e+01 
11   5.0145e-08 -1.4176e-06  1.0590e-10  1.0000e-10  5.7710e+00  2.1376e-01  6.4000e+01 
12   4.3992e-03  6.2971e+00  2.5738e-04  8.1143e+01  9.2430e+00  0.0000e+00  6.4000e+01 
13  -9.1264e-08 -1.6450e-06  1.9800e-10  1.3159e-10  5.6603e+00  4.4113e-01  1.2800e+02 
14   2.1304e-03  6.2569e+00  6.2997e-05  8.1778e+01  8.9751e+00  0.0000e+00  1.2800e+02 
15   8.2941e-08 -1.4895e-06  3.8583e-10  2.5497e-10  5.7613e+00  1.7470e-01  2.5600e+02 
16   1.1116e-03  6.2825e+00  1.5720e-05  8.1219e+01  7.7461e+00  0.0000e+00  2.5600e+02 
17   2.4924e-08 -1.5501e-06  7.5184e-10  4.9929e-10  5.7673e+00  1.0127e-01  5.1200e+02 
18   5.4800e-04  6.3059e+00  3.8442e-06  8.0812e+01  7.8383e+00  0.0000e+00  5.1200e+02 
19   3.2724e-07 -1.3840e-06  1.5191e-09  9.9102e-10  5.6611e+00  9.4450e-02  1.0240e+03 
20   2.7358e-04  6.1969e+00  9.5966e-07  7.9587e+01  7.3624e+00  0.0000e+00  1.0240e+03 
21  -7.2280e-07 -2.0709e-06  3.0403e-09  1.9917e-09  5.5210e+00  4.5464e-01  2.0480e+03 

******************************************************
*** Linear regression estimates of MLMC parameters ***
******************************************************

 alpha = 0.854376  (exponent for MLMC weak convergence)
 beta  = 2.146414  (exponent for MLMC variance) 
 gamma = 1.000000  (exponent for MLMC cost) 

***************************** 
*** MLMC complexity tests *** 
***************************** 

  eps       value   mlmc_cost   std_cost  savings     N_l 
--------------------------------------------------------- 
0.0100  6.2703e+00  1.800e+06  1.385e+08    76.92   1342450      200    93254      200    26812      200     8605        1     2728        1      909        1      306        1
0.0200  6.2956e+00  4.521e+05  3.462e+07    76.58    336360      200    23473      200     6545      200     2113        1      695        1      224        1       68        1
0.0500  6.2687e+00  7.962e+04  6.693e+05     8.41     60355      200     4602      200     1127      200      342        1
0.1000  6.3378e+00  1.951e+04  1.673e+05     8.58     13088      200      921      200      263      200       89        1
0.2000  6.2976e+00  7.439e+03  2.110e+04     2.84      3357      200      241      200      200      200

