
**********************************************************
*** MLMC file version 1.0     produced by              ***
*** C++ mlmc_test on Fri Jul 17 23:03:40 2026          ***
**********************************************************

**********************************************************
*** Convergence tests, kurtosis, telescoping sum check ***
*** using N =  50000 samples                           ***
**********************************************************

 l   ave(Pf-Pc)    ave(Pf)   var(Pf-Pc)    var(Pf)    kurtosis     check        cost 
---------------------------------------------------------------------------------------
 0   6.1823e+00  6.1823e+00  7.6343e+01  7.6343e+01  6.0156e+00  0.0000e+00  1.0000e+00 
 1  -9.6583e-07 -9.6583e-07  1.0000e-10  1.0000e-10  4.7636e-02  0.0000e+00  2.0000e+00 
 2   4.0833e-02  6.2842e+00  7.8037e-01  7.9637e+01  1.1397e+01  0.0000e+00  2.0000e+00 
 3  -3.3553e-07 -1.2033e-06  1.0000e-10  1.0000e-10  1.0807e+00  2.4522e-01  4.0000e+00 
 4   4.0372e-02  6.1932e+00  1.2094e-01  7.9136e+01  1.2009e+01  0.0000e+00  4.0000e+00 
 5  -9.0729e-08 -1.4578e-06  1.0000e-10  1.0000e-10  1.1216e+00  5.3892e-01  8.0000e+00 
 6   2.6962e-02  6.2167e+00  2.2118e-02  7.8428e+01  1.0460e+01  0.0000e+00  8.0000e+00 
 7  -3.4728e-08 -1.4170e-06  1.0000e-10  1.0000e-10  1.2113e+00  1.4432e-02  1.6000e+01 
 8   1.5672e-02  6.2295e+00  4.5910e-03  7.8982e+01  1.2566e+01  0.0000e+00  1.6000e+01 
 9  -4.5931e-08 -1.6085e-06  1.0000e-10  1.0000e-10  2.1985e+00  1.1918e-02  3.2000e+01 
10   8.3116e-03  6.1868e+00  1.0413e-03  7.8457e+01  9.5771e+00  0.0000e+00  3.2000e+01 
11   5.0145e-08 -1.4176e-06  1.0590e-10  1.0000e-10  5.7710e+00  2.1376e-01  6.4000e+01 
12   4.3991e-03  6.2971e+00  2.5738e-04  8.1143e+01  9.2434e+00  0.0000e+00  6.4000e+01 
13   0.0000e+00  0.0000e+00  1.0000e-10  1.0000e-10  0.0000e+00  4.4113e-01  1.2800e+02 
14   2.2023e-03  6.2803e+00  6.3143e-05  8.1062e+01  8.5312e+00  0.0000e+00  1.2800e+02 
15   0.0000e+00  0.0000e+00  1.0000e-10  1.0000e-10  0.0000e+00  7.8492e-02  2.5600e+02 
16   1.0784e-03  6.2441e+00  1.5311e-05  8.0016e+01  7.6379e+00  0.0000e+00  2.5600e+02 
17   0.0000e+00  0.0000e+00  1.0000e-10  1.0000e-10  0.0000e+00  1.5477e-01  5.1200e+02 
18   5.6170e-04  6.2892e+00  3.8823e-06  8.0478e+01  7.8614e+00  0.0000e+00  5.1200e+02 
19   0.0000e+00  0.0000e+00  1.0000e-10  1.0000e-10  0.0000e+00  1.8547e-01  1.0240e+03 
20   2.7408e-04  6.2404e+00  9.5670e-07  8.0803e+01  8.1566e+00  0.0000e+00  1.0240e+03 
21   0.0000e+00  0.0000e+00  1.0000e-10  1.0000e-10  0.0000e+00  2.0373e-01  2.0480e+03 

******************************************************
*** Linear regression estimates of MLMC parameters ***
******************************************************

 alpha = 0.853173  (exponent for MLMC weak convergence)
 beta  = 2.147144  (exponent for MLMC variance) 
 gamma = 1.000000  (exponent for MLMC cost) 

***************************** 
*** MLMC complexity tests *** 
***************************** 

  eps       value   mlmc_cost   std_cost  savings     N_l 
--------------------------------------------------------- 
0.0100  6.2463e+00  1.966e+06  1.385e+08    70.44   1496632      200    94511      200    27707      200     8771        1     2751        1      865        1      385        1
0.0200  6.2928e+00  4.440e+05  1.674e+07    37.70    331853      200    23216      200     6736      200     2193        1      711        1      216        1
0.0500  6.2517e+00  7.018e+04  1.348e+06    19.21     51847      200     3648      200      980      200      323        1      105        1
0.1000  6.1524e+00  1.847e+04  1.673e+05     9.06     12259      200      920      200      233      200       78        1
0.2000  6.0868e+00  7.011e+03  2.110e+04     3.01      3009      200      201      200      200      200

