
**********************************************************
*** MLMC file version 1.0     produced by              ***
*** C++ mlmc_test on Fri Jul 17 23:03:21 2026          ***
**********************************************************

**********************************************************
*** Convergence tests, kurtosis, telescoping sum check ***
*** using N =  50000 samples                           ***
**********************************************************

 l   ave(Pf-Pc)    ave(Pf)   var(Pf-Pc)    var(Pf)    kurtosis     check        cost 
---------------------------------------------------------------------------------------
 0   1.0976e+01  1.0976e+01  2.5088e+02  2.5088e+02  6.3709e+00  0.0000e+00  1.0000e+00 
 1  -1.9261e-06 -1.9261e-06  1.0000e-10  1.0000e-10  1.9255e-01  0.0000e+00  2.0000e+00 
 2   1.6801e-01  1.1120e+01  5.3555e-01  2.6063e+02  4.9382e+01  0.0000e+00  2.0000e+00 
 3   3.0305e-08 -1.6242e-06  1.0000e-10  1.0000e-10  5.9104e-01  5.3913e-02  4.0000e+00 
 4   1.1013e-01  1.1310e+01  1.8485e-01  2.7750e+02  6.1144e+01  0.0000e+00  4.0000e+00 
 5  -3.6892e-08 -1.9446e-06  1.0000e-10  1.0000e-10  9.9406e-01  1.7909e-01  8.0000e+00 
 6   5.7928e-02  1.1366e+01  4.8975e-02  2.7810e+02  3.1758e+01  0.0000e+00  8.0000e+00 
 7   6.8535e-08 -1.5955e-06  1.0000e-10  1.0000e-10  2.0544e+00  4.7550e-03  1.6000e+01 
 8   2.9938e-02  1.1298e+01  1.3299e-02  2.7297e+02  2.2581e+01  0.0000e+00  1.6000e+01 
 9  -1.5733e-08 -1.9298e-06  1.0000e-10  1.0000e-10  5.3166e+00  2.2041e-01  3.2000e+01 
10   1.5428e-02  1.1501e+01  3.5865e-03  2.8058e+02  1.6869e+01  0.0000e+00  3.2000e+01 
11   1.6333e-08 -1.5914e-06  1.6370e-10  1.0994e-10  6.3689e+00  4.2036e-01  6.4000e+01 
12   7.6639e-03  1.1227e+01  8.8686e-04  2.7424e+02  1.1403e+01  0.0000e+00  6.4000e+01 
13   0.0000e+00  0.0000e+00  1.0000e-10  1.0000e-10  0.0000e+00  6.3087e-01  1.2800e+02 
14   3.9088e-03  1.1346e+01  2.2705e-04  2.8126e+02  1.1589e+01  0.0000e+00  1.2800e+02 
15   0.0000e+00  0.0000e+00  1.0000e-10  1.0000e-10  0.0000e+00  2.5848e-01  2.5600e+02 
16   1.9432e-03  1.1355e+01  5.7916e-05  2.8283e+02  1.1084e+01  0.0000e+00  2.5600e+02 
17   0.0000e+00  0.0000e+00  1.0000e-10  1.0000e-10  0.0000e+00  1.4736e-02  5.1200e+02 
18   9.8341e-04  1.1291e+01  1.3942e-05  2.7570e+02  8.9863e+00  0.0000e+00  5.1200e+02 
19   0.0000e+00  0.0000e+00  1.0000e-10  1.0000e-10  0.0000e+00  1.4336e-01  1.0240e+03 
20   4.9711e-04  1.1415e+01  3.6539e-06  2.8096e+02  9.7990e+00  0.0000e+00  1.0240e+03 
21   0.0000e+00  0.0000e+00  1.0000e-10  1.0000e-10  0.0000e+00  2.7439e-01  2.0480e+03 

******************************************************
*** Linear regression estimates of MLMC parameters ***
******************************************************

 alpha = 0.954951  (exponent for MLMC weak convergence)
 beta  = 1.930697  (exponent for MLMC variance) 
 gamma = 1.000000  (exponent for MLMC cost) 

***************************** 
*** MLMC complexity tests *** 
***************************** 

  eps       value   mlmc_cost   std_cost  savings     N_l 
--------------------------------------------------------- 
0.0100  1.1360e+01  5.150e+06  9.600e+08   186.40   4149122      200   140645      200    56196      200    20651        1     7537        1     2901        1     1045        1      362        1
0.0200  1.1346e+01  1.277e+06  1.170e+08    91.61   1024857      200    42996      200    13514      200     5087        1     1966        1      680        1      240        1
0.0500  1.1359e+01  2.025e+05  9.577e+06    47.28    162879      200     5685      200     2445      200      809        1      331        1      120        1
0.1000  1.1342e+01  4.694e+04  5.933e+05    12.64     38443      200     1383      200      413      200      158        1
0.2000  1.1160e+01  1.295e+04  7.400e+04     5.71      8879      200      237      200      200      200

