
**********************************************************
*** MLMC file version 1.0     produced by              ***
*** C++ mlmc_test on Tue Sep  1 03:51:49 2026          ***
**********************************************************

**********************************************************
*** Convergence tests, kurtosis, telescoping sum check ***
*** using N =  20000 samples                           ***
**********************************************************

 l   ave(Pf-Pc)    ave(Pf)   var(Pf-Pc)    var(Pf)    kurtosis     check        cost 
---------------------------------------------------------------------------------------
 0   1.1061e+01  1.1061e+01  2.5305e+02  2.5305e+02  6.6294e+00  0.0000e+00  1.0000e+00 
 1   1.3175e-02  1.3175e-02  6.0615e-03  6.0615e-03  8.1393e+03  0.0000e+00  2.0000e+00 
 2   1.8142e-01  1.1168e+01  6.5660e-01  2.7121e+02  9.3708e+01  0.0000e+00  2.0000e+00 
 3   2.3313e-04  1.1088e+01  1.4852e-03  2.6434e+02  6.2154e+00  1.0463e+01  4.0000e+00 
 4   1.1201e-01  1.1169e+01  2.0149e-01  2.7524e+02  6.4171e+01  0.0000e+00  4.0000e+00 
 5  -2.3271e-04  1.1105e+01  1.4907e-03  2.6903e+02  6.2220e+00  6.6136e-02  8.0000e+00 
 6   5.8357e-02  1.1357e+01  5.1566e-02  2.7720e+02  5.1644e+01  0.0000e+00  8.0000e+00 
 7   3.9728e-05  1.1156e+01  1.5413e-03  2.7222e+02  6.3519e+00  1.2708e-01  1.6000e+01 
 8   2.9085e-02  1.1173e+01  1.4658e-02  2.7433e+02  2.3588e+01  0.0000e+00  1.6000e+01 
 9   4.7401e-05  1.1299e+01  1.5640e-03  2.7522e+02  6.5312e+00  4.9093e-02  3.2000e+01 
10   1.5694e-02  1.1227e+01  4.8679e-03  2.7193e+02  9.5869e+00  0.0000e+00  3.2000e+01 
11  -8.0091e-05  1.1533e+01  1.4726e-03  2.9101e+02  6.4565e+00  1.9197e-01  6.4000e+01 
12   7.9690e-03  1.1474e+01  2.2052e-03  2.7716e+02  8.0342e+00  0.0000e+00  6.4000e+01 
13  -4.0956e-04  1.1320e+01  1.3423e-03  2.7774e+02  6.5202e+00  1.8436e-02  1.2800e+02 
14   3.8225e-03  1.1283e+01  1.3121e-03  2.7746e+02  8.9923e+00  0.0000e+00  1.2800e+02 
15  -6.6651e-05  1.1380e+01  1.1455e-03  2.7475e+02  8.2186e+00  9.5235e-02  2.5600e+02 
16   2.2323e-03  1.1423e+01  1.0204e-03  2.8990e+02  1.0800e+01  0.0000e+00  2.5600e+02 
17   1.5567e-04  1.1602e+01  9.8137e-04  2.8924e+02  1.0102e+01  2.5151e-01  5.1200e+02 
18   1.2662e-03  1.1478e+01  8.9394e-04  2.8213e+02  1.1417e+01  0.0000e+00  5.1200e+02 
19  -5.3945e-04  1.1425e+01  8.9277e-04  2.8080e+02  1.1406e+01  8.4909e-02  1.0240e+03 
20   1.2930e-03  1.1333e+01  9.3681e-04  2.8493e+02  1.0898e+01  0.0000e+00  1.0240e+03 
21  -6.4121e-04  1.1518e+01  9.1631e-04  2.8714e+02  1.0818e+01  3.6866e-02  2.0480e+03 

 WARNING: maximum consistency error = 10.462849 
 indicates identity E[Pf-Pc] = E[Pf] - E[Pc] not satisfied 

******************************************************
*** Linear regression estimates of MLMC parameters ***
******************************************************

 alpha = 0.865231  (exponent for MLMC weak convergence)
 beta  = 1.088940  (exponent for MLMC variance) 
 gamma = 1.000000  (exponent for MLMC cost) 

***************************** 
*** MLMC complexity tests *** 
***************************** 

  eps       value   mlmc_cost   std_cost  savings     N_l 
--------------------------------------------------------- 
0.0100  1.1385e+01  6.561e+06  9.471e+08   144.36   4658857    21237   166198     5682    65272     3966    27390     2907    10315     1977     3918     1371     1700      943      942      602
0.0200  1.1410e+01  1.651e+06  2.368e+08   143.39   1169930     3063    43057     1314    16649      974     7075      766     2516      471     1004      340      454      245      220      167
0.0500  1.1406e+01  2.257e+05  9.282e+06    41.12    173030      334     6417      209     2200      200     1005      110      417       55      202       51
0.1000  1.1494e+01  6.190e+04  2.320e+06    37.49     44758      200     1567      200      537      200      238       25      182       11       89       10
0.2000  1.1432e+01  1.437e+04  1.478e+05    10.29      9704      200      269      200      200      200       54        6

