
**********************************************************
*** MLMC file version 1.0     produced by              ***
*** C++ mlmc_test on Tue Aug  4 19:02:23 2026          ***
**********************************************************

**********************************************************
*** Convergence tests, kurtosis, telescoping sum check ***
*** using N =  20000 samples                           ***
**********************************************************

 l   ave(Pf-Pc)    ave(Pf)   var(Pf-Pc)    var(Pf)    kurtosis     check        cost 
---------------------------------------------------------------------------------------
 0   1.1061e+01  1.1061e+01  2.5305e+02  2.5305e+02  6.6294e+00  0.0000e+00  1.0000e+00 
 1   1.3175e-02  1.3175e-02  6.0615e-03  6.0615e-03  8.1393e+03  0.0000e+00  2.0000e+00 
 2   1.8142e-01  1.1168e+01  6.5660e-01  2.7121e+02  9.3708e+01  0.0000e+00  2.0000e+00 
 3   2.3313e-04  1.1088e+01  1.4852e-03  2.6434e+02  6.2154e+00  1.0463e+01  4.0000e+00 
 4   1.1201e-01  1.1169e+01  2.0149e-01  2.7524e+02  6.4171e+01  0.0000e+00  4.0000e+00 
 5  -2.3271e-04  1.1105e+01  1.4907e-03  2.6903e+02  6.2220e+00  6.6136e-02  8.0000e+00 
 6   5.8357e-02  1.1357e+01  5.1566e-02  2.7720e+02  5.1644e+01  0.0000e+00  8.0000e+00 
 7   3.9728e-05  1.1156e+01  1.5413e-03  2.7222e+02  6.3519e+00  1.2708e-01  1.6000e+01 
 8   2.9085e-02  1.1173e+01  1.4658e-02  2.7433e+02  2.3588e+01  0.0000e+00  1.6000e+01 
 9   4.7401e-05  1.1299e+01  1.5640e-03  2.7522e+02  6.5312e+00  4.9093e-02  3.2000e+01 
10   1.5694e-02  1.1227e+01  4.8679e-03  2.7193e+02  9.5869e+00  0.0000e+00  3.2000e+01 
11  -8.0091e-05  1.1533e+01  1.4726e-03  2.9101e+02  6.4565e+00  1.9197e-01  6.4000e+01 
12   7.6092e-03  1.1290e+01  8.8500e-04  2.7646e+02  1.8187e+01  0.0000e+00  6.4000e+01 
13  -1.6671e-04  1.1401e+01  1.8437e-03  2.7778e+02  1.4674e+01  5.3809e-02  1.2800e+02 
14   3.8652e-03  1.1142e+01  2.1759e-04  2.6814e+02  1.0997e+01  0.0000e+00  1.2800e+02 
15   2.7346e-05  1.1385e+01  4.6403e-04  2.8479e+02  7.1463e+00  1.1885e-01  2.5600e+02 
16   2.0682e-03  1.1324e+01  5.7764e-05  2.8300e+02  1.0023e+01  0.0000e+00  2.5600e+02 
17  -1.0576e-04  1.1409e+01  1.1480e-04  2.8258e+02  7.1036e+00  1.4347e-01  5.1200e+02 
18   1.0255e-03  1.1258e+01  1.4079e-05  2.7218e+02  9.2707e+00  0.0000e+00  5.1200e+02 
19  -3.7430e-05  1.1258e+01  2.8149e-05  2.8036e+02  6.6992e+00  1.5268e-01  1.0240e+03 
20   5.0681e-04  1.1522e+01  3.6359e-06  2.8617e+02  1.0571e+01  0.0000e+00  1.0240e+03 
21   2.5008e-05  1.1245e+01  7.1076e-06  2.7507e+02  6.2464e+00  1.7608e-01  2.0480e+03 

 WARNING: maximum consistency error = 10.462848 
 indicates identity E[Pf-Pc] = E[Pf] - E[Pc] not satisfied 

******************************************************
*** Linear regression estimates of MLMC parameters ***
******************************************************

 alpha = 0.955290  (exponent for MLMC weak convergence)
 beta  = 1.960523  (exponent for MLMC variance) 
 gamma = 1.000000  (exponent for MLMC cost) 

***************************** 
*** MLMC complexity tests *** 
***************************** 

  eps       value   mlmc_cost   std_cost  savings     N_l 
--------------------------------------------------------- 
0.0100  1.1388e+01  6.354e+06  9.152e+08   144.05   4601361    21237   163297     5559    64324     3913    23266     2852    11030     1989     3589     1361     1209     1219      417      437
0.0200  1.1431e+01  1.568e+06  1.180e+08    75.22   1140091     2995    41574     1281    16240      947     5759      769     4059      453     1400      345      361      261
0.0500  1.1414e+01  2.363e+05  9.282e+06    39.28    176968      342     6519      213     2209      200      884      121      725       62      260       53
0.1000  1.1478e+01  5.582e+04  1.170e+06    20.97     42588      200     1500      200      487      200      183       24      203       12
0.2000  1.1438e+01  1.413e+04  1.478e+05    10.46      9594      200      266      200      200      200       39        6

