
**********************************************************
*** MLMC file version 1.0     produced by              ***
*** C++ mlmc_test on Tue Sep  1 03:51:51 2026          ***
**********************************************************

**********************************************************
*** Convergence tests, kurtosis, telescoping sum check ***
*** using N =  20000 samples                           ***
**********************************************************

 l   ave(Pf-Pc)    ave(Pf)   var(Pf-Pc)    var(Pf)    kurtosis     check        cost 
---------------------------------------------------------------------------------------
 0   6.1837e+00  6.1837e+00  7.6123e+01  7.6123e+01  6.2260e+00  0.0000e+00  1.0000e+00 
 1   7.2804e-03  7.2804e-03  1.9462e-03  1.9462e-03  4.6639e+03  0.0000e+00  2.0000e+00 
 2   3.1632e-02  6.2029e+00  7.3026e-01  7.9297e+01  1.0531e+01  0.0000e+00  2.0000e+00 
 3   2.3540e-03  6.1493e+00  2.6013e-03  7.7899e+01  5.9612e+00  1.0540e+01  4.0000e+00 
 4   4.0862e-02  6.2501e+00  1.2238e-01  7.9560e+01  1.4077e+01  0.0000e+00  4.0000e+00 
 5   1.3710e-03  6.0595e+00  2.0199e-03  7.5826e+01  5.7950e+00  1.1201e-01  8.0000e+00 
 6   2.5063e-02  6.2488e+00  2.2355e-02  7.9466e+01  8.6038e+00  0.0000e+00  8.0000e+00 
 7   5.6883e-04  6.0930e+00  1.3671e-03  7.8379e+01  6.9751e+00  8.8077e-03  1.6000e+01 
 8   1.5587e-02  6.2574e+00  5.8392e-03  7.9896e+01  1.0002e+01  0.0000e+00  1.6000e+01 
 9  -2.9094e-05  6.2185e+00  1.0864e-03  7.8353e+01  6.7106e+00  1.5665e-01  3.2000e+01 
10   7.8056e-03  6.1954e+00  2.0507e-03  7.8638e+01  7.3028e+00  0.0000e+00  3.2000e+01 
11   2.7602e-04  6.2885e+00  1.0331e-03  8.0937e+01  6.6024e+00  4.5923e-05  6.4000e+01 
12   3.9117e-03  6.2287e+00  1.2181e-03  7.9879e+01  7.3875e+00  0.0000e+00  6.4000e+01 
13   1.0753e-04  6.1885e+00  9.5870e-04  8.0854e+01  6.5369e+00  9.3034e-02  1.2800e+02 
14   2.0688e-03  6.2165e+00  9.9516e-04  7.8929e+01  6.4266e+00  0.0000e+00  1.2800e+02 
15   1.5677e-04  6.2593e+00  9.3303e-04  8.2345e+01  6.4990e+00  7.3919e-02  2.5600e+02 
16   1.1563e-03  6.3612e+00  9.7884e-04  8.2298e+01  6.6880e+00  0.0000e+00  2.5600e+02 
17  -2.4248e-04  6.3158e+00  9.3793e-04  8.1609e+01  6.6598e+00  2.6135e-01  5.1200e+02 
18  -1.8518e-03  6.1921e+00  8.9441e-04  7.8898e+01  6.7168e+00  0.0000e+00  5.1200e+02 
19   1.8924e-03  6.1915e+00  8.7080e-04  7.9825e+01  6.7056e+00  3.8439e-01  1.0240e+03 
20  -1.7091e-03  6.2648e+00  6.9877e-04  8.0337e+01  1.1521e+01  0.0000e+00  1.0240e+03 
21   1.8795e-03  6.3916e+00  7.3373e-04  8.1484e+01  1.1258e+01  3.5844e-01  2.0480e+03 

 WARNING: maximum consistency error = 10.539641 
 indicates identity E[Pf-Pc] = E[Pf] - E[Pc] not satisfied 

******************************************************
*** Linear regression estimates of MLMC parameters ***
******************************************************

 alpha = 0.612511  (exponent for MLMC weak convergence)
 beta  = 1.035846  (exponent for MLMC variance) 
 gamma = 1.000000  (exponent for MLMC cost) 

***************************** 
*** MLMC complexity tests *** 
***************************** 

  eps       value   mlmc_cost   std_cost  savings     N_l 
--------------------------------------------------------- 
0.0100  6.2894e+00  2.851e+06  2.694e+08    94.49   1681401     4254   116374     5011    40637     3149    16567     1791     6026     1158     2184      755      858      614      514      424
0.0200  6.3090e+00  7.460e+05  6.735e+07    90.29    430999     1097    29934     1356    10453      778     4171      503     1522      296      550      187      251      175      155      142
0.0500  6.2999e+00  9.414e+04  2.684e+06    28.51     60522      200     4292      200     1499      200      682       68      250       44       90       22
0.1000  6.2838e+00  2.158e+04  1.695e+05     7.85     13936      200      968      200      338      200      167       14
0.2000  6.1222e+00  7.312e+03  2.122e+04     2.90      3236      200      238      200      200      200

