
**********************************************************
*** MLMC file version 1.0     produced by              ***
*** C++ mlmc_test on Tue Aug  4 19:02:34 2026          ***
**********************************************************

**********************************************************
*** Convergence tests, kurtosis, telescoping sum check ***
*** using N =  20000 samples                           ***
**********************************************************

 l   ave(Pf-Pc)    ave(Pf)   var(Pf-Pc)    var(Pf)    kurtosis     check        cost 
---------------------------------------------------------------------------------------
 0   1.1031e+01  1.1031e+01  2.4916e+02  2.4916e+02  6.3363e+00  0.0000e+00  1.0000e+00 
 1   0.0000e+00  0.0000e+00  1.0000e-10  1.0000e-10  0.0000e+00  0.0000e+00  2.0000e+00 
 2   1.7726e-01  1.1179e+01  5.6119e-01  2.6396e+02  4.1472e+01  0.0000e+00  2.0000e+00 
 3  -9.7419e-04  1.1149e+01  1.1678e+00  2.6332e+02  2.8084e+01  1.0467e+01  4.0000e+00 
 4   9.9965e-02  1.1076e+01  1.7066e-01  2.6421e+02  4.5116e+01  0.0000e+00  4.0000e+00 
 5   3.1822e-03  1.1241e+01  3.3845e-01  2.7053e+02  2.3529e+01  8.1806e-02  8.0000e+00 
 6   5.7253e-02  1.1245e+01  4.7394e-02  2.6940e+02  2.6686e+01  0.0000e+00  8.0000e+00 
 7   1.9116e-03  1.1296e+01  1.0309e-01  2.7605e+02  2.0529e+01  1.1676e-01  1.6000e+01 
 8   3.1450e-02  1.1302e+01  1.3392e-02  2.7328e+02  2.8950e+01  0.0000e+00  1.6000e+01 
 9  -2.6775e-03  1.1156e+01  2.7179e-02  2.7042e+02  1.1520e+01  7.9358e-02  3.2000e+01 
10   1.5123e-02  1.1268e+01  3.4476e-03  2.8090e+02  1.5877e+01  0.0000e+00  3.2000e+01 
11  -4.0472e-04  1.1456e+01  7.3522e-03  2.8981e+02  1.4018e+01  1.7798e-01  6.4000e+01 
12   7.6092e-03  1.1290e+01  8.8500e-04  2.7646e+02  1.8187e+01  0.0000e+00  6.4000e+01 
13  -1.6671e-04  1.1401e+01  1.8437e-03  2.7778e+02  1.4674e+01  2.8857e-02  1.2800e+02 
14   3.8652e-03  1.1142e+01  2.1759e-04  2.6814e+02  1.0997e+01  0.0000e+00  1.2800e+02 
15   2.7346e-05  1.1385e+01  4.6403e-04  2.8479e+02  7.1463e+00  1.1885e-01  2.5600e+02 
16   2.0682e-03  1.1324e+01  5.7764e-05  2.8300e+02  1.0023e+01  0.0000e+00  2.5600e+02 
17  -1.0576e-04  1.1409e+01  1.1480e-04  2.8258e+02  7.1036e+00  1.4347e-01  5.1200e+02 
18   1.0255e-03  1.1258e+01  1.4079e-05  2.7218e+02  9.2707e+00  0.0000e+00  5.1200e+02 
19  -3.7430e-05  1.1258e+01  2.8149e-05  2.8036e+02  6.6992e+00  1.5268e-01  1.0240e+03 
20   5.0681e-04  1.1522e+01  3.6359e-06  2.8617e+02  1.0571e+01  0.0000e+00  1.0240e+03 
21   2.5008e-05  1.1245e+01  7.1076e-06  2.7507e+02  6.2464e+00  1.7608e-01  2.0480e+03 

 WARNING: maximum consistency error = 10.466715 
 indicates identity E[Pf-Pc] = E[Pf] - E[Pc] not satisfied 

******************************************************
*** Linear regression estimates of MLMC parameters ***
******************************************************

 alpha = 0.947392  (exponent for MLMC weak convergence)
 beta  = 1.928930  (exponent for MLMC variance) 
 gamma = 1.000000  (exponent for MLMC cost) 

***************************** 
*** MLMC complexity tests *** 
***************************** 

  eps       value   mlmc_cost   std_cost  savings     N_l 
--------------------------------------------------------- 
0.0100  1.1348e+01  9.864e+06  9.152e+08    92.78   5742091      200   191671   194594    74985    76059    28148    28899     9878    10618     3619     3949     1308     1572      522      570
0.0200  1.1344e+01  2.341e+06  1.180e+08    50.38   1399501      200    46734    47196    17999    18648     6650     7018     2482     2570      880      927      316      336
0.0500  1.1316e+01  3.554e+05  9.588e+06    26.98    217763      200     7294     7312     2664     3082     1017     1081      364      409      132      149
0.1000  1.1271e+01  7.736e+04  1.166e+06    15.07     50555      200     1728     1567      657      468      202      271       76       98
0.2000  1.1255e+01  1.613e+04  7.046e+04     4.37     11483      200      281      322      200      200

