
**********************************************************
*** MLMC file version 1.0     produced by              ***
*** C++ mlmc_test on Tue Aug  4 19:02:38 2026          ***
**********************************************************

**********************************************************
*** Convergence tests, kurtosis, telescoping sum check ***
*** using N =  20000 samples                           ***
**********************************************************

 l   ave(Pf-Pc)    ave(Pf)   var(Pf-Pc)    var(Pf)    kurtosis     check        cost 
---------------------------------------------------------------------------------------
 0   6.1703e+00  6.1703e+00  7.5800e+01  7.5800e+01  6.2303e+00  0.0000e+00  1.0000e+00 
 1   0.0000e+00  0.0000e+00  1.0000e-10  1.0000e-10  0.0000e+00  0.0000e+00  2.0000e+00 
 2   3.0007e-02  6.1614e+00  7.3001e-01  7.7808e+01  1.0724e+01  0.0000e+00  2.0000e+00 
 3   6.3763e-03  6.2133e+00  1.4356e+00  7.8210e+01  7.1008e+00  1.0230e+01  4.0000e+00 
 4   4.1826e-02  6.1274e+00  1.1808e-01  7.7095e+01  1.0186e+01  0.0000e+00  4.0000e+00 
 5   1.5984e-03  6.1191e+00  2.3828e-01  7.7817e+01  6.7911e+00  2.2417e-01  8.0000e+00 
 6   2.8029e-02  6.2244e+00  2.2858e-02  7.8863e+01  1.6237e+01  0.0000e+00  8.0000e+00 
 7   7.2878e-04  6.3480e+00  4.5405e-02  8.1481e+01  7.1169e+00  3.9035e-01  1.6000e+01 
 8   1.5758e-02  6.2639e+00  4.7270e-03  7.8596e+01  1.1682e+01  0.0000e+00  1.6000e+01 
 9  -4.1986e-04  6.1659e+00  9.2384e-03  7.7976e+01  7.7127e+00  2.0809e-01  3.2000e+01 
10   8.1944e-03  6.2202e+00  1.0876e-03  7.8911e+01  1.5903e+01  0.0000e+00  3.2000e+01 
11   4.1106e-04  6.2722e+00  2.1140e-03  8.1478e+01  7.4320e+00  7.1286e-02  6.4000e+01 
12   4.2044e-03  6.2747e+00  2.5855e-04  8.0783e+01  9.1185e+00  0.0000e+00  6.4000e+01 
13   2.2233e-04  6.3838e+00  5.2969e-04  8.1200e+01  6.4692e+00  2.1200e-01  1.2800e+02 
14   2.1989e-03  6.2064e+00  6.4128e-05  8.1086e+01  8.6466e+00  0.0000e+00  1.2800e+02 
15  -2.5295e-06  6.2237e+00  1.2494e-04  8.1058e+01  5.6722e+00  3.0171e-01  2.5600e+02 
16   1.1139e-03  6.2976e+00  1.5630e-05  8.1146e+01  8.0709e+00  0.0000e+00  2.5600e+02 
17   4.0997e-05  6.3156e+00  3.1839e-05  8.0903e+01  5.5046e+00  2.3814e-01  5.1200e+02 
18   5.3891e-04  6.2748e+00  3.9078e-06  8.1677e+01  7.6391e+00  0.0000e+00  5.1200e+02 
19   2.6508e-05  6.2762e+00  7.7678e-06  7.9462e+01  5.8867e+00  8.2298e-02  1.0240e+03 
20   2.7311e-04  6.3707e+00  9.9461e-07  8.2977e+01  7.4549e+00  0.0000e+00  1.0240e+03 
21   5.4089e-06  6.2612e+00  1.9280e-06  8.0589e+01  5.1733e+00  1.0545e-01  2.0480e+03 

 WARNING: maximum consistency error = 10.229836 
 indicates identity E[Pf-Pc] = E[Pf] - E[Pc] not satisfied 

******************************************************
*** Linear regression estimates of MLMC parameters ***
******************************************************

 alpha = 0.834649  (exponent for MLMC weak convergence)
 beta  = 2.138211  (exponent for MLMC variance) 
 gamma = 1.000000  (exponent for MLMC cost) 

***************************** 
*** MLMC complexity tests *** 
***************************** 

  eps       value   mlmc_cost   std_cost  savings     N_l 
--------------------------------------------------------- 
0.0100  6.2694e+00  4.053e+06  1.379e+08    34.01   2019245      200   140070   140344    40463    40157    12365    12351     3952     3969     1378     1340      463      491
0.0200  6.2756e+00  9.673e+05  1.683e+07    17.40    492064      200    33744    33889    10116     9786     3128     3043     1024      988      312      333
0.0500  6.2512e+00  1.459e+05  1.341e+06     9.20     76338      200     5150     5069     1619     1529      509      487      172      163
0.1000  6.4426e+00  3.543e+04  1.682e+05     4.75     18718      200     1166     1193      565      424      173      136
0.2000  6.3744e+00  8.758e+03  2.056e+04     2.35      4444      200      261      248      200      200

