
**********************************************************
*** MLMC file version 1.0     produced by              ***
*** C++ mlmc_test on Tue Aug  4 19:02:27 2026          ***
**********************************************************

**********************************************************
*** Convergence tests, kurtosis, telescoping sum check ***
*** using N =  20000 samples                           ***
**********************************************************

 l   ave(Pf-Pc)    ave(Pf)   var(Pf-Pc)    var(Pf)    kurtosis     check        cost 
---------------------------------------------------------------------------------------
 0   6.1837e+00  6.1837e+00  7.6123e+01  7.6123e+01  6.2260e+00  0.0000e+00  1.0000e+00 
 1   7.2804e-03  7.2804e-03  1.9462e-03  1.9462e-03  4.6639e+03  0.0000e+00  2.0000e+00 
 2   3.1632e-02  6.2029e+00  7.3026e-01  7.9297e+01  1.0531e+01  0.0000e+00  2.0000e+00 
 3   2.3540e-03  6.1493e+00  2.6013e-03  7.7899e+01  5.9612e+00  1.0540e+01  4.0000e+00 
 4   4.0862e-02  6.2501e+00  1.2238e-01  7.9560e+01  1.4077e+01  0.0000e+00  4.0000e+00 
 5   1.3710e-03  6.0595e+00  2.0199e-03  7.5826e+01  5.7950e+00  1.1201e-01  8.0000e+00 
 6   2.5063e-02  6.2488e+00  2.2355e-02  7.9466e+01  8.6038e+00  0.0000e+00  8.0000e+00 
 7   5.6883e-04  6.0930e+00  1.3671e-03  7.8379e+01  6.9751e+00  8.8077e-03  1.6000e+01 
 8   1.5587e-02  6.2574e+00  5.8392e-03  7.9896e+01  1.0002e+01  0.0000e+00  1.6000e+01 
 9  -2.9094e-05  6.2185e+00  1.0864e-03  7.8353e+01  6.7106e+00  1.5665e-01  3.2000e+01 
10   7.8056e-03  6.1954e+00  2.0507e-03  7.8638e+01  7.3028e+00  0.0000e+00  3.2000e+01 
11   2.7602e-04  6.2885e+00  1.0331e-03  8.0937e+01  6.6024e+00  4.5923e-05  6.4000e+01 
12   4.2044e-03  6.2747e+00  2.5855e-04  8.0783e+01  9.1185e+00  0.0000e+00  6.4000e+01 
13   2.2233e-04  6.3838e+00  5.2969e-04  8.1200e+01  6.4692e+00  2.2333e-01  1.2800e+02 
14   2.1989e-03  6.2064e+00  6.4128e-05  8.1086e+01  8.6466e+00  0.0000e+00  1.2800e+02 
15  -2.5295e-06  6.2237e+00  1.2494e-04  8.1058e+01  5.6722e+00  3.0171e-01  2.5600e+02 
16   1.1139e-03  6.2976e+00  1.5630e-05  8.1146e+01  8.0709e+00  0.0000e+00  2.5600e+02 
17   4.0997e-05  6.3156e+00  3.1839e-05  8.0903e+01  5.5046e+00  2.3814e-01  5.1200e+02 
18   5.3891e-04  6.2748e+00  3.9078e-06  8.1677e+01  7.6391e+00  0.0000e+00  5.1200e+02 
19   2.6508e-05  6.2762e+00  7.7678e-06  7.9462e+01  5.8867e+00  8.2298e-02  1.0240e+03 
20   2.7311e-04  6.3707e+00  9.9461e-07  8.2977e+01  7.4549e+00  0.0000e+00  1.0240e+03 
21   5.4089e-06  6.2612e+00  1.9280e-06  8.0589e+01  5.1733e+00  1.0545e-01  2.0480e+03 

 WARNING: maximum consistency error = 10.539641 
 indicates identity E[Pf-Pc] = E[Pf] - E[Pc] not satisfied 

******************************************************
*** Linear regression estimates of MLMC parameters ***
******************************************************

 alpha = 0.831772  (exponent for MLMC weak convergence)
 beta  = 2.150541  (exponent for MLMC variance) 
 gamma = 1.000000  (exponent for MLMC cost) 

***************************** 
*** MLMC complexity tests *** 
***************************** 

  eps       value   mlmc_cost   std_cost  savings     N_l 
--------------------------------------------------------- 
0.0100  6.2904e+00  2.202e+06  1.379e+08    62.62   1487753     3796   103158     4411    29443     2777     8919     1669     3361      960     1424      665      475      322
0.0200  6.2978e+00  5.200e+05  1.678e+07    32.26    362464      895    25171     1119     7006      663     2203      369      869      236      349      179
0.0500  6.2964e+00  8.521e+04  2.684e+06    31.50     58445      200     4148      200     1191      200      387       74      134       34       64       21
0.1000  6.1871e+00  1.863e+04  8.486e+04     4.56     12805      200      897      200      307      200
0.2000  6.1618e+00  7.248e+03  2.122e+04     2.93      3180      200      234      200      200      200

