
**********************************************************
*** MLMC file version 1.0     produced by              ***
*** C++ mlmc_test on Tue Aug  4 19:01:59 2026          ***
**********************************************************

**********************************************************
*** Convergence tests, kurtosis, telescoping sum check ***
*** using N =  20000 samples                           ***
**********************************************************

 l   ave(Pf-Pc)    ave(Pf)   var(Pf-Pc)    var(Pf)    kurtosis     check        cost 
---------------------------------------------------------------------------------------
 0   1.7962e+01  1.7962e+01  1.8888e+02  1.8888e+02  5.0024e+00  0.0000e+00  1.0000e+00 
 1  -4.2182e-04 -4.2182e-04  1.5501e-03  1.5501e-03  4.0712e+00  0.0000e+00  2.0000e+00 
 2  -1.0364e-01  1.7524e+01  1.4060e+00  1.9945e+02  1.0016e+01  0.0000e+00  2.0000e+00 
 3   1.7652e-03  1.7460e+01  2.5950e-03  1.9816e+02  4.1084e+02  1.8677e+01  4.0000e+00 
 4  -1.3422e-01  1.7471e+01  4.7828e-01  2.1358e+02  8.0374e+00  0.0000e+00  4.0000e+00 
 5   1.1494e-03  1.7332e+01  2.5091e-03  2.0410e+02  3.5658e+00  3.8453e-02  8.0000e+00 
 6  -9.5608e-02  1.7184e+01  1.4713e-01  2.0558e+02  7.9752e+00  0.0000e+00  8.0000e+00 
 7   8.2461e-04  1.7458e+01  2.5813e-03  2.0927e+02  3.1933e+00  5.4009e-02  1.6000e+01 
 8  -5.3389e-02  1.7117e+01  4.1095e-02  2.0710e+02  7.3158e+00  0.0000e+00  1.6000e+01 
 9   1.0743e-03  1.7257e+01  2.6581e-03  2.1051e+02  3.0922e+00  1.7511e-01  3.2000e+01 
10  -2.7206e-02  1.7389e+01  1.2738e-02  2.1450e+02  6.3569e+00  0.0000e+00  3.2000e+01 
11  -6.9108e-05  1.7182e+01  2.5685e-03  2.0809e+02  3.1783e+00  1.8218e-01  6.4000e+01 
12  -1.3721e-02  1.7318e+01  4.8963e-03  2.1552e+02  4.7824e+00  0.0000e+00  6.4000e+01 
13   6.6424e-04  1.7135e+01  2.3234e-03  2.0863e+02  3.3725e+00  8.5132e-02  1.2800e+02 
14  -7.0580e-03  1.7228e+01  2.7180e-03  2.1336e+02  4.4306e+00  0.0000e+00  1.2800e+02 
15  -5.8750e-04  1.7071e+01  2.0515e-03  2.0828e+02  4.1106e+00  1.1850e-01  2.5600e+02 
16  -3.7081e-03  1.7299e+01  2.0529e-03  2.1838e+02  4.6996e+00  0.0000e+00  2.5600e+02 
17   3.6485e-04  1.7327e+01  1.9349e-03  2.1543e+02  4.5734e+00  2.6551e-01  5.1200e+02 
18  -2.3675e-03  1.7082e+01  1.8206e-03  2.0908e+02  4.8033e+00  0.0000e+00  5.1200e+02 
19   2.4855e-04  1.7315e+01  1.7407e-03  2.1402e+02  4.8442e+00  1.8184e-01  1.0240e+03 
20  -1.0121e-03  1.7464e+01  1.7749e-03  2.2026e+02  4.9372e+00  0.0000e+00  1.0240e+03 
21   9.4642e-04  1.7328e+01  1.7175e-03  2.1975e+02  5.1649e+00  3.1614e-01  2.0480e+03 

 WARNING: maximum consistency error = 18.676590 
 indicates identity E[Pf-Pc] = E[Pf] - E[Pc] not satisfied 

******************************************************
*** Linear regression estimates of MLMC parameters ***
******************************************************

 alpha = 0.812521  (exponent for MLMC weak convergence)
 beta  = 1.132601  (exponent for MLMC variance) 
 gamma = 1.000000  (exponent for MLMC cost) 

***************************** 
*** MLMC complexity tests *** 
***************************** 

  eps       value   mlmc_cost   std_cost  savings     N_l 
--------------------------------------------------------- 
0.0050  1.7222e+01  3.846e+07  1.142e+10   296.93  19461080    39358  1203675    35141   501761    25511   194737    17866    73387    13117    28375     9185    12505     6138     6505     4089     3989     2732     2715     1903
0.0100  1.7219e+01  9.610e+06  2.855e+09   297.07   4864034     9389   300668     8422   126126     6449    48679     4404    18154     3262     6931     2252     3235     1533     1609     1003     1006      708      699      460
0.0200  1.7253e+01  1.741e+06  1.821e+08   104.57   1033655     1918    64699     1735    26879     1370    10396      906     4254      663     1672      494      665      307      326      208
0.0500  1.7314e+01  2.563e+05  1.471e+07    57.41    158025      276     9902      247     4322      230     1754      135      690      106      258       86      113       48
0.1000  1.7550e+01  6.058e+04  1.830e+06    30.21     37686      200     2423      200     1091      200      481       33      169       18       59       21

