
**********************************************************
*** MLMC file version 1.0     produced by              ***
*** C++ mlmc_test on Tue Aug  4 19:02:01 2026          ***
**********************************************************

**********************************************************
*** Convergence tests, kurtosis, telescoping sum check ***
*** using N =  20000 samples                           ***
**********************************************************

 l   ave(Pf-Pc)    ave(Pf)   var(Pf-Pc)    var(Pf)    kurtosis     check        cost 
---------------------------------------------------------------------------------------
 0   5.7185e+00  5.7185e+00  6.0526e+01  6.0526e+01  5.4726e+00  0.0000e+00  1.0000e+00 
 1  -6.8938e-04 -6.8938e-04  7.0019e-04  7.0019e-04  5.1583e+00  0.0000e+00  2.0000e+00 
 2   4.3564e-02  5.7460e+00  2.6328e-01  6.2773e+01  1.8503e+01  0.0000e+00  2.0000e+00 
 3   2.0534e-05  5.6235e+00  2.3908e-03  6.0972e+01  5.0301e+00  1.0970e+01  4.0000e+00 
 4   4.1727e-02  5.7039e+00  3.9672e-02  6.3370e+01  1.2454e+01  0.0000e+00  4.0000e+00 
 5   5.7846e-04  5.6745e+00  1.7977e-03  6.1775e+01  5.7788e+00  4.9457e-02  8.0000e+00 
 6   2.7046e-02  5.6705e+00  7.5328e-03  6.1869e+01  8.5407e+00  0.0000e+00  8.0000e+00 
 7   3.8757e-04  5.7985e+00  1.2114e-03  6.3950e+01  5.8693e+00  9.3567e-02  1.6000e+01 
 8   1.4137e-02  5.7278e+00  2.2592e-03  6.3182e+01  7.0789e+00  0.0000e+00  1.6000e+01 
 9  -1.6411e-04  5.7003e+00  1.0255e-03  6.2505e+01  6.0579e+00  8.1309e-02  3.2000e+01 
10   7.4786e-03  5.7541e+00  2.6561e-04  6.3029e+01  8.7971e+00  0.0000e+00  3.2000e+01 
11   8.0643e-05  5.7125e+00  5.4497e-04  6.3436e+01  5.7895e+00  4.5805e-02  6.4000e+01 
12   3.8576e-03  5.6860e+00  6.2725e-05  6.2766e+01  7.7121e+00  0.0000e+00  6.4000e+01 
13   2.0014e-04  5.8202e+00  1.3066e-04  6.5596e+01  5.5343e+00  5.2466e-02  1.2800e+02 
14   1.9757e-03  5.7691e+00  1.5186e-05  6.3597e+01  6.7932e+00  0.0000e+00  1.2800e+02 
15   1.9441e-05  5.7342e+00  3.1048e-05  6.4426e+01  5.6826e+00  7.2566e-03  2.5600e+02 
16   9.9454e-04  5.8184e+00  3.8508e-06  6.4596e+01  7.1826e+00  0.0000e+00  2.5600e+02 
17  -1.1122e-05  5.7251e+00  7.6306e-06  6.3230e+01  5.3937e+00  5.7901e-02  5.1200e+02 
18   4.9704e-04  5.7521e+00  9.4896e-07  6.3878e+01  7.3614e+00  0.0000e+00  5.1200e+02 
19  -5.4343e-06  5.7381e+00  1.8948e-06  6.3297e+01  5.3924e+00  7.9422e-02  1.0240e+03 
20   2.5122e-04  5.8724e+00  2.4515e-07  6.6049e+01  7.7245e+00  0.0000e+00  1.0240e+03 
21  -4.6091e-06  5.7714e+00  4.7602e-07  6.3334e+01  5.2881e+00  2.2558e-01  2.0480e+03 

 WARNING: maximum consistency error = 10.969633 
 indicates identity E[Pf-Pc] = E[Pf] - E[Pc] not satisfied 

******************************************************
*** Linear regression estimates of MLMC parameters ***
******************************************************

 alpha = 0.878671  (exponent for MLMC weak convergence)
 beta  = 2.219227  (exponent for MLMC variance) 
 gamma = 1.000000  (exponent for MLMC cost) 

***************************** 
*** MLMC complexity tests *** 
***************************** 

  eps       value   mlmc_cost   std_cost  savings     N_l 
--------------------------------------------------------- 
0.0050  5.7624e+00  5.961e+06  1.764e+09   295.91   4346538    10490   200820    13755    56579     8205    17203     4793     6733     3186     2095     1691      574      568      187      219       65       77
0.0100  5.7842e+00  1.476e+06  2.171e+08   147.06   1083098     2662    50101     3312    14010     2033     4297     1217     1773      707      562      426      166      144       54       62
0.0200  5.7975e+00  3.424e+05  1.345e+07    39.27    261431      632    12159      811     3472      443     1054      275      444      163      146       76
0.0500  5.7490e+00  5.036e+04  5.280e+05    10.48     39576      200     1795      200      604      200      161       43
0.1000  5.8245e+00  1.488e+04  1.320e+05     8.87      9939      200      414      200      200      200       44       10

