
**********************************************************
*** MLMC file version 1.0     produced by              ***
*** C++ mlmc_test on Tue Aug  4 19:01:58 2026          ***
**********************************************************

**********************************************************
*** Convergence tests, kurtosis, telescoping sum check ***
*** using N =  20000 samples                           ***
**********************************************************

 l   ave(Pf-Pc)    ave(Pf)   var(Pf-Pc)    var(Pf)    kurtosis     check        cost 
---------------------------------------------------------------------------------------
 0   5.7185e+00  5.7185e+00  6.0526e+01  6.0526e+01  5.4726e+00  0.0000e+00  1.0000e+00 
 1  -6.8938e-04 -6.8938e-04  7.0019e-04  7.0019e-04  5.1583e+00  0.0000e+00  2.0000e+00 
 2   4.3564e-02  5.7460e+00  2.6328e-01  6.2773e+01  1.8503e+01  0.0000e+00  2.0000e+00 
 3   2.0534e-05  5.6235e+00  2.3908e-03  6.0972e+01  5.0301e+00  1.0970e+01  4.0000e+00 
 4   4.1727e-02  5.7039e+00  3.9672e-02  6.3370e+01  1.2454e+01  0.0000e+00  4.0000e+00 
 5   5.7846e-04  5.6745e+00  1.7977e-03  6.1775e+01  5.7788e+00  4.9457e-02  8.0000e+00 
 6   2.7046e-02  5.6705e+00  7.5328e-03  6.1869e+01  8.5407e+00  0.0000e+00  8.0000e+00 
 7   3.8757e-04  5.7985e+00  1.2114e-03  6.3950e+01  5.8693e+00  9.3567e-02  1.6000e+01 
 8   1.4137e-02  5.7278e+00  2.2592e-03  6.3182e+01  7.0789e+00  0.0000e+00  1.6000e+01 
 9  -1.6411e-04  5.7003e+00  1.0255e-03  6.2505e+01  6.0579e+00  8.1309e-02  3.2000e+01 
10   7.7669e-03  5.7953e+00  1.2181e-03  6.3657e+01  6.4985e+00  0.0000e+00  3.2000e+01 
11   4.5853e-04  5.8175e+00  9.7299e-04  6.3472e+01  6.0222e+00  2.6096e-01  6.4000e+01 
12   4.1257e-03  5.8767e+00  9.9338e-04  6.4848e+01  6.3148e+00  0.0000e+00  6.4000e+01 
13  -3.0725e-05  5.6977e+00  9.2913e-04  6.3098e+01  5.8535e+00  6.2477e-02  1.2800e+02 
14   2.1401e-03  5.8105e+00  9.4185e-04  6.5208e+01  5.9603e+00  0.0000e+00  1.2800e+02 
15   6.6225e-05  5.6304e+00  8.8045e-04  6.1917e+01  5.9653e+00  1.9991e-01  2.5600e+02 
16   1.5457e-03  5.8571e+00  9.4263e-04  6.5545e+01  6.0108e+00  0.0000e+00  2.5600e+02 
17  -4.2443e-04  5.7977e+00  9.1162e-04  6.4974e+01  6.2050e+00  3.1177e-01  5.1200e+02 
18  -3.1686e-03  5.7166e+00  8.6394e-04  6.2431e+01  5.8371e+00  0.0000e+00  5.1200e+02 
19   3.5473e-03  5.7264e+00  8.5022e-04  6.2855e+01  5.8273e+00  3.1209e-01  1.0240e+03 
20  -1.6764e-03  5.9424e+00  6.3615e-04  6.7853e+01  1.1458e+01  0.0000e+00  1.0240e+03 
21   1.1835e-03  5.8552e+00  6.2467e-04  6.5859e+01  1.1597e+01  5.1950e-01  2.0480e+03 

 WARNING: maximum consistency error = 10.969633 
 indicates identity E[Pf-Pc] = E[Pf] - E[Pc] not satisfied 

******************************************************
*** Linear regression estimates of MLMC parameters ***
******************************************************

 alpha = 0.594301  (exponent for MLMC weak convergence)
 beta  = 0.823985  (exponent for MLMC variance) 
 gamma = 1.000000  (exponent for MLMC cost) 

***************************** 
*** MLMC complexity tests *** 
***************************** 

  eps       value   mlmc_cost   std_cost  savings     N_l 
--------------------------------------------------------- 
0.0050  5.7678e+00  9.561e+06  1.790e+09   187.19   5498555    13345   255014    17228    95833    10349    37660     6123    14780     3889     5781     2814     2619     1954     1912     1397     1378      963
0.0100  5.7780e+00  1.987e+06  2.226e+08   112.00   1248998     3046    57621     3907    21654     2351     9434     1429     3697      832     1443      648      567      445      413      305
0.0200  5.8079e+00  4.410e+05  2.767e+07    62.74    293863      711    13650      906     5130      520     2384      316      938      185      366      182      145       97
0.0500  5.8559e+00  7.225e+04  4.427e+06    61.27     47516      200     2167      200      815      200      369       44      144       21       57       31       29       16
0.1000  5.8531e+00  1.693e+04  2.696e+05    15.92     10777      200      477      200      200      200       88       10       36        5

