
**********************************************************
*** MLMC file version 1.0     produced by              ***
*** C++ mlmc_test on Tue Aug  4 19:02:05 2026          ***
**********************************************************

**********************************************************
*** Convergence tests, kurtosis, telescoping sum check ***
*** using N =  20000 samples                           ***
**********************************************************

 l   ave(Pf-Pc)    ave(Pf)   var(Pf-Pc)    var(Pf)    kurtosis     check        cost 
---------------------------------------------------------------------------------------
 0   5.6755e+00  5.6755e+00  6.0567e+01  6.0567e+01  5.7861e+00  0.0000e+00  1.0000e+00 
 1   0.0000e+00  0.0000e+00  1.0000e-10  1.0000e-10  0.0000e+00  0.0000e+00  2.0000e+00 
 2   4.0367e-02  5.6534e+00  2.4558e-01  6.0820e+01  1.8665e+01  0.0000e+00  2.0000e+00 
 3   5.9052e-03  5.7043e+00  4.9460e-01  6.2611e+01  1.0280e+01  1.0759e+01  4.0000e+00 
 4   4.1903e-02  5.7661e+00  3.7818e-02  6.2735e+01  1.2496e+01  0.0000e+00  4.0000e+00 
 5  -2.8014e-03  5.6361e+00  7.3528e-02  6.1114e+01  7.8758e+00  8.1334e-03  8.0000e+00 
 6   2.7486e-02  5.7602e+00  6.3154e-03  6.4098e+01  9.9572e+00  0.0000e+00  8.0000e+00 
 7   6.7522e-05  5.7271e+00  1.2691e-02  6.1820e+01  6.2709e+00  8.5220e-02  1.6000e+01 
 8   1.4781e-02  5.8025e+00  1.2952e-03  6.4293e+01  8.4329e+00  0.0000e+00  1.6000e+01 
 9   1.4509e-04  5.6938e+00  2.4300e-03  6.2180e+01  5.8867e+00  8.8071e-03  3.2000e+01 
10   7.4786e-03  5.7541e+00  2.6561e-04  6.3029e+01  8.7971e+00  0.0000e+00  3.2000e+01 
11   8.0643e-05  5.7125e+00  5.4497e-04  6.3436e+01  5.7895e+00  5.5204e-02  6.4000e+01 
12   3.8576e-03  5.6860e+00  6.2725e-05  6.2766e+01  7.7121e+00  0.0000e+00  6.4000e+01 
13   2.0014e-04  5.8202e+00  1.3066e-04  6.5596e+01  5.5343e+00  5.2466e-02  1.2800e+02 
14   1.9757e-03  5.7691e+00  1.5186e-05  6.3597e+01  6.7932e+00  0.0000e+00  1.2800e+02 
15   1.9441e-05  5.7342e+00  3.1048e-05  6.4426e+01  5.6826e+00  7.2566e-03  2.5600e+02 
16   9.9454e-04  5.8184e+00  3.8508e-06  6.4596e+01  7.1826e+00  0.0000e+00  2.5600e+02 
17  -1.1122e-05  5.7251e+00  7.6306e-06  6.3230e+01  5.3937e+00  5.7901e-02  5.1200e+02 
18   4.9704e-04  5.7521e+00  9.4896e-07  6.3878e+01  7.3614e+00  0.0000e+00  5.1200e+02 
19  -5.4343e-06  5.7381e+00  1.8948e-06  6.3297e+01  5.3924e+00  7.9422e-02  1.0240e+03 
20   2.5122e-04  5.8724e+00  2.4515e-07  6.6049e+01  7.7245e+00  0.0000e+00  1.0240e+03 
21  -4.6091e-06  5.7714e+00  4.7602e-07  6.3334e+01  5.2881e+00  2.2558e-01  2.0480e+03 

 WARNING: maximum consistency error = 10.759441 
 indicates identity E[Pf-Pc] = E[Pf] - E[Pc] not satisfied 

******************************************************
*** Linear regression estimates of MLMC parameters ***
******************************************************

 alpha = 0.874806  (exponent for MLMC weak convergence)
 beta  = 2.188521  (exponent for MLMC variance) 
 gamma = 1.000000  (exponent for MLMC cost) 

***************************** 
*** MLMC complexity tests *** 
***************************** 

  eps       value   mlmc_cost   std_cost  savings     N_l 
--------------------------------------------------------- 
0.0050  5.7584e+00  8.645e+06  8.683e+08   100.44   5230345      200   239519   238737    65783    65023    20097    19911     6171     6027     1988     2009      718      692      238      270
0.0100  5.7638e+00  2.160e+06  2.171e+08   100.48   1308748      200    58756    59631    16710    16153     5048     4925     1521     1507      490      483      189      168       62       75
0.0200  5.7468e+00  5.132e+05  1.345e+07    26.20    317702      200    14295    14629     4136     3947     1312     1251      373      365      120      123
0.0500  5.7098e+00  8.224e+04  2.151e+06    26.16     50781      200     2205     2260      691      622      216      200       63       62       21       20
0.1000  5.7741e+00  1.911e+04  1.367e+05     7.16     12017      200      533      506      200      200       54       48

