# l  k  parity   N   mean(Y)       var(Y)        mean(Pf)
  0    0  even     20000  1.774314e+01  1.866470e+02  1.774314e+01
  1    0  odd      20000  3.141727e-03  9.891640e-04  3.141727e-03
  2    1  even     20000  -1.160368e-01  1.389803e+00  1.743003e+01
  3    1  odd      20000  1.344298e-03  2.112262e-03  1.739970e+01
  4    2  even     20000  -1.380607e-01  4.939571e-01  1.739713e+01
  5    2  odd      20000  2.180598e-04  2.381270e-03  1.746662e+01
  6    3  even     20000  -9.001525e-02  1.490645e-01  1.731150e+01
  7    3  odd      20000  -3.125044e-05  2.454454e-03  1.723313e+01
  8    4  even     20000  -5.254005e-02  4.192151e-02  1.725074e+01
  9    4  odd      20000  3.255687e-04  2.514661e-03  1.714514e+01
 10    5  even     20000  -2.801637e-02  1.053900e-02  1.725591e+01
 11    5  odd      20000  1.500130e-03  2.072167e-02  1.737291e+01
 12    6  even     20000  -1.392549e-02  2.603841e-03  1.717270e+01
 13    6  odd      20000  -7.874057e-04  5.238949e-03  1.706675e+01
 14    7  even     20000  -6.887332e-03  6.574217e-04  1.733979e+01
 15    7  odd      20000  3.692872e-04  1.340523e-03  1.722278e+01
 16    8  even     20000  -3.617799e-03  1.682134e-04  1.727525e+01
 17    8  odd      20000  1.988654e-04  3.278773e-04  1.724391e+01
 18    9  even     20000  -1.672698e-03  4.153019e-05  1.724971e+01
 19    9  odd      20000  6.429755e-05  8.343206e-05  1.714111e+01
 20   10  even     20000  -8.270689e-04  1.010434e-05  1.729060e+01
 21   10  odd      20000  1.147543e-05  2.150356e-05  1.731567e+01
  0    0  even       200  1.752648e+01  1.567054e+02  1.752648e+01
  1    0  odd        200  1.674055e-03  9.078371e-04  1.674055e-03
  2    1  even       200  -4.845398e-02  7.200025e-01  1.595423e+01
  3    1  odd        200  -2.750179e-03  2.007177e-03  1.722572e+01
  4    2  even       200  -1.308032e-01  4.653943e-01  1.783224e+01
  5    2  odd        200  -4.134449e-03  2.745663e-03  1.528117e+01
  0    0  even    10256730  1.766822e+01  1.845353e+02  1.766822e+01
  1    0  odd      17257  2.658245e-03  9.914617e-04  2.658245e-03
  2    1  even    491418  -1.120761e-01  1.397513e+00  1.754217e+01
  3    1  odd      18155  1.268351e-03  2.168162e-03  1.762786e+01
  4    2  even    279284  -1.351282e-01  4.953514e-01  1.746767e+01
  5    2  odd      14980  8.987317e-04  2.340806e-03  1.721744e+01
  0    0  even    2014806  1.765558e+01  1.841267e+02  1.765558e+01
  1    0  odd       2647  2.604753e-03  9.698703e-04  2.604753e-03
  2    1  even    263453  -1.082812e-01  1.397066e+00  1.753835e+01
  3    1  odd       2670  1.531037e-03  2.178409e-03  1.785689e+01
  4    2  even     38412  -1.329337e-01  4.939629e-01  1.746014e+01
  5    2  odd        292  -3.604909e-03  2.108989e-03  1.588673e+01
  0    0  even    807955  1.768924e+01  1.847731e+02  1.768924e+01
  1    0  odd       1299  4.957008e-03  1.011433e-03  4.957008e-03
  2    1  even     49842  -1.162116e-01  1.428790e+00  1.760001e+01
  3    1  odd       1396  3.782042e-03  2.101691e-03  1.729614e+01
  4    2  even     20935  -1.351256e-01  5.041960e-01  1.748264e+01
  5    2  odd       1007  8.242773e-04  2.382962e-03  1.747781e+01
  6    3  even    123021  -9.215685e-02  1.477191e-01  1.728450e+01
  7    3  odd       5983  -4.381578e-04  2.493719e-03  1.715698e+01
  0    0  even    122495  1.764949e+01  1.841390e+02  1.764949e+01
  1    0  odd        218  2.832418e-04  9.704378e-04  2.832418e-04
  2    1  even      8066  -1.210777e-01  1.411199e+00  1.743492e+01
  3    1  odd        189  -8.497244e-04  1.853284e-03  1.762090e+01
  4    2  even      3348  -1.356492e-01  4.882799e-01  1.717591e+01
  5    2  odd        162  2.452776e-03  2.147271e-03  1.530645e+01
  6    3  even      9059  -9.482135e-02  1.471280e-01  1.719589e+01
  7    3  odd       6152  5.605280e-04  2.345949e-03  1.726023e+01
  0    0  even    672641  1.766988e+01  1.851492e+02  1.766988e+01
  1    0  odd       1100  2.587282e-03  9.636876e-04  2.587282e-03
  2    1  even     41465  -1.027971e-01  1.382682e+00  1.758202e+01
  3    1  odd       1138  -1.498228e-03  2.081424e-03  1.706601e+01
  4    2  even     17411  -1.403815e-01  4.864128e-01  1.717465e+01
  5    2  odd        841  1.321485e-03  2.133310e-03  1.806014e+01
  6    3  even      6712  -8.915409e-02  1.543299e-01  1.757082e+01
  7    3  odd        426  9.426878e-04  2.317079e-03  1.590401e+01
  8    4  even     50392  -5.364911e-02  4.275535e-02  1.715877e+01
  9    4  odd       4561  -9.271298e-04  2.500844e-03  1.728169e+01
  0    0  even    130582  1.764826e+01  1.832608e+02  1.764826e+01
  1    0  odd        198  -3.185254e-04  9.820398e-04  -3.185254e-04
  2    1  even      7719  -1.066774e-01  1.432004e+00  1.751547e+01
  3    1  odd        203  4.663536e-03  1.933124e-03  1.738290e+01
  4    2  even      3189  -1.314832e-01  5.033203e-01  1.777707e+01
  5    2  odd        125  -1.277678e-03  2.320086e-03  1.834573e+01
  6    3  even      1447  -8.882003e-02  1.456224e-01  1.747945e+01
  7    3  odd        108  -5.368293e-03  2.670522e-03  1.736274e+01
  8    4  even      2907  -5.452270e-02  4.494526e-02  1.727907e+01
  9    4  odd       4554  4.569370e-04  2.463301e-03  1.719925e+01
  0    0  even    583482  1.765153e+01  1.837831e+02  1.765153e+01
  1    0  odd        955  1.886005e-03  9.639384e-04  1.886005e-03
  2    1  even     36044  -1.054485e-01  1.409126e+00  1.764218e+01
  3    1  odd        988  2.377487e-03  2.131433e-03  1.789518e+01
  4    2  even     15153  -1.346557e-01  5.025635e-01  1.746134e+01
  5    2  odd        734  2.227388e-03  2.484534e-03  1.768010e+01
  6    3  even      5835  -9.288882e-02  1.527849e-01  1.730962e+01
  7    3  odd        535  7.272450e-04  2.361607e-03  1.720204e+01
  8    4  even      2300  -5.483661e-02  4.327369e-02  1.711128e+01
  9    4  odd        346  2.686625e-03  2.538901e-03  1.718879e+01
 10    5  even     20187  -2.859241e-02  1.055672e-02  1.716196e+01
 11    5  odd       3435  2.023102e-03  2.047766e-02  1.732275e+01
  0    0  even    840097  1.767615e+01  1.842835e+02  1.767615e+01
  1    0  odd       1365  2.042882e-03  9.268116e-04  2.042882e-03
  2    1  even     51939  -1.015641e-01  1.382920e+00  1.759311e+01
  3    1  odd       1432  2.414765e-03  2.205854e-03  1.781262e+01
  4    2  even     21912  -1.408353e-01  5.002083e-01  1.741590e+01
  5    2  odd       1083  -9.054270e-04  2.170224e-03  1.714859e+01
  6    3  even      8524  -9.569417e-02  1.521660e-01  1.726340e+01
  7    3  odd        755  -1.725530e-03  2.498465e-03  1.739652e+01
  8    4  even      3217  -4.896444e-02  4.242473e-02  1.725002e+01
  9    4  odd        550  5.295008e-04  2.495469e-03  1.694302e+01
 11    5  odd      16885  -9.849231e-04  2.033007e-02  1.720662e+01
  0    0  even    1103921  1.766520e+01  1.846828e+02  1.766520e+01
  1    0  odd       1762  3.434777e-03  1.002883e-03  3.434777e-03
  2    1  even     67688  -1.066717e-01  1.392543e+00  1.752605e+01
  3    1  odd       1906  5.359635e-04  1.996944e-03  1.670631e+01
  4    2  even     28731  -1.296421e-01  4.849449e-01  1.735536e+01
  5    2  odd       1349  2.988583e-03  2.312612e-03  1.713498e+01
  6    3  even     11189  -9.233696e-02  1.489247e-01  1.734145e+01
  7    3  odd       1013  -3.735661e-04  2.502886e-03  1.808116e+01
  8    4  even      4192  -5.955093e-02  4.387100e-02  1.712017e+01
  9    4  odd        718  -1.281029e-03  2.450007e-03  1.763911e+01
 11    5  odd       1390  -1.548289e-03  1.995875e-02  1.774404e+01
 12    6  even      5297  -1.445042e-02  2.795544e-03  1.726471e+01
 13    6  odd       7355  3.250261e-04  5.212535e-03  1.718681e+01
 12    6  even       364  -1.524426e-02  2.806966e-03  1.770713e+01
 13    6  odd        375  2.370207e-03  4.406166e-03  1.694608e+01
  0    0  even    720063  1.764964e+01  1.838767e+02  1.764964e+01
  1    0  odd       1193  3.395967e-03  1.008977e-03  3.395967e-03
  2    1  even     44143  -1.155960e-01  1.434151e+00  1.758645e+01
  3    1  odd       1156  7.450164e-05  1.934281e-03  1.714953e+01
  4    2  even     18320  -1.281309e-01  5.034200e-01  1.742312e+01
  5    2  odd        901  5.133713e-04  2.308065e-03  1.762980e+01
  6    3  even      7235  -1.011058e-01  1.527220e-01  1.738744e+01
  7    3  odd        670  -1.852029e-03  2.468071e-03  1.680469e+01
  8    4  even      2795  -4.788058e-02  4.022242e-02  1.735585e+01
  9    4  odd        461  -1.184636e-03  2.485913e-03  1.908147e+01
 11    5  odd        931  -5.947634e-04  1.880808e-02  1.775016e+01
 12    6  even       277  -1.615015e-02  2.520010e-03  1.717226e+01
 13    6  odd        346  -3.675017e-03  5.748587e-03  1.677450e+01
 14    7  even      1992  -8.147633e-03  7.302665e-04  1.705931e+01
 15    7  odd       2709  -1.060990e-03  1.335003e-03  1.709150e+01
 14    7  even       145  -4.581411e-03  4.716474e-04  1.520536e+01
 15    7  odd        181  3.416025e-03  1.597652e-03  1.843418e+01
  0    0  even    505342  1.767856e+01  1.847310e+02  1.767856e+01
  1    0  odd        843  1.188760e-03  9.318239e-04  1.188760e-03
  2    1  even     31769  -1.056729e-01  1.426819e+00  1.756073e+01
  3    1  odd        805  -1.901683e-03  2.195894e-03  1.698769e+01
  4    2  even     13280  -1.272173e-01  4.771351e-01  1.741189e+01
  5    2  odd        632  -1.092196e-03  2.338042e-03  1.746287e+01
  6    3  even      5189  -1.010345e-01  1.573329e-01  1.716400e+01
  7    3  odd        466  -5.495216e-04  2.411280e-03  1.666267e+01
  8    4  even      1842  -5.514278e-02  4.167246e-02  1.750649e+01
  9    4  odd        329  2.595246e-03  2.385911e-03  1.847991e+01
 11    5  odd        628  -1.383124e-02  1.948922e-02  1.667944e+01
 12    6  even       160  -1.048170e-02  1.924999e-03  1.852853e+01
 13    6  odd        258  -8.098576e-03  5.437519e-03  1.616139e+01
 14    7  even        46  -6.961096e-03  7.855761e-04  1.863688e+01
 15    7  odd        116  1.054812e-03  1.346456e-03  1.737026e+01
 16    8  even       736  -4.365604e-03  1.614297e-04  1.606176e+01
 17    8  odd       1014  -1.777396e-04  2.925970e-04  1.721609e+01
  0    0  even    291660  1.769905e+01  1.845041e+02  1.769905e+01
  1    0  odd        454  2.402517e-03  1.006124e-03  2.402517e-03
  2    1  even     18256  -1.175180e-01  1.452780e+00  1.746177e+01
  3    1  odd        509  5.769664e-03  2.244574e-03  1.726843e+01
  4    2  even      7300  -1.455567e-01  4.764320e-01  1.720663e+01
  5    2  odd        368  1.514736e-03  2.218400e-03  1.750896e+01
  6    3  even      3079  -1.017134e-01  1.640412e-01  1.770050e+01
  7    3  odd        262  1.468241e-04  2.566566e-03  1.705870e+01
  8    4  even      1084  -4.955289e-02  4.382554e-02  1.754599e+01
  9    4  odd        183  5.321902e-03  2.218668e-03  1.747356e+01
 11    5  odd        373  1.225039e-02  2.175303e-02  1.653759e+01
 12    6  even        75  -2.360700e-02  3.496174e-03  1.630319e+01
 13    6  odd        144  -1.184932e-03  4.199256e-03  1.830268e+01
 14    7  even        39  -1.083162e-02  9.855666e-04  1.735260e+01
 15    7  odd         49  5.575832e-03  1.038009e-03  1.843693e+01
 16    8  even        11  -6.681999e-03  7.038688e-04  1.677917e+01
 18    9  even       254  -1.744525e-03  5.090563e-05  1.704206e+01
 19    9  odd        342  4.895285e-04  1.014870e-04  1.703043e+01
  0    0  even     26566  1.760750e+01  1.844096e+02  1.760750e+01
  1    0  odd         48  4.981987e-03  7.124008e-04  4.981987e-03
  2    1  even      1978  -1.531241e-01  1.534034e+00  1.761189e+01
  3    1  odd         60  8.098057e-03  1.510905e-03  1.513651e+01
  4    2  even       551  -1.816960e-01  6.158414e-01  1.748276e+01
  5    2  odd         24  1.357208e-03  1.791383e-03  1.994984e+01
  6    3  even       425  -7.986630e-02  1.227540e-01  1.787933e+01
  7    3  odd         32  9.366278e-03  2.602022e-03  1.939870e+01
  8    4  even       115  -1.136846e-02  2.906418e-02  1.790726e+01
  9    4  odd          9  -2.018554e-02  2.337517e-03  2.731977e+01
 11    5  odd         50  -3.965370e-02  2.996246e-02  1.291130e+01
 12    6  even        21  -3.832548e-02  3.053597e-03  1.583748e+01
 14    7  even        11  -9.163996e-04  3.845926e-04  1.798239e+01
 16    8  even        19  -5.721812e-03  1.132609e-04  1.599090e+01
 18    9  even        43  1.772132e-05  3.137750e-05  1.748009e+01
 19    9  odd         78  1.165821e-04  9.450606e-05  1.971813e+01
  0    0  even       200  1.628671e+01  1.542834e+02  1.628671e+01
  1    0  odd        200  -1.184722e-03  1.040588e-03  -1.184722e-03
  2    1  even       200  -1.765674e-01  1.498781e+00  1.876342e+01
  3    1  odd        200  7.662241e-04  2.644340e-03  1.828212e+01
  4    2  even       200  -1.521948e-01  5.331005e-01  1.875396e+01
  5    2  odd        200  -1.247051e-03  2.588516e-03  1.815074e+01
  0    0  even    2633912  1.767452e+01  1.843915e+02  1.767452e+01
  1    0  odd       4638  3.230529e-03  1.003008e-03  3.230529e-03
  2    1  even    183382  -1.108815e-01  1.412521e+00  1.758599e+01
  3    1  odd       5253  2.216717e-03  2.134807e-03  1.736629e+01
  4    2  even     77220  -1.362371e-01  4.931698e-01  1.741626e+01
  5    2  odd       3615  1.910393e-03  2.217086e-03  1.754359e+01
  0    0  even    432200  1.767759e+01  1.842669e+02  1.767759e+01
  1    0  odd        225  -2.465459e-03  8.932319e-04  -2.465459e-03
  2    1  even      6197  -9.450161e-02  1.350557e+00  1.768642e+01
  4    2  even      1879  -1.342121e-01  4.882993e-01  1.796725e+01
  0    0  even    201709  1.766206e+01  1.842027e+02  1.766206e+01
  1    0  odd        324  5.540335e-05  9.737594e-04  5.540335e-05
  2    1  even     12348  -1.213421e-01  1.416157e+00  1.759955e+01
  3    1  odd        132  3.549577e-03  1.839559e-03  1.639195e+01
  4    2  even      5210  -1.344941e-01  4.757435e-01  1.735830e+01
  5    2  odd        210  -1.310991e-03  2.527246e-03  1.713581e+01
  6    3  even     30683  -9.083809e-02  1.527931e-01  1.740778e+01
  7    3  odd       1462  2.459096e-04  2.508613e-03  1.739044e+01
  0    0  even     33851  1.762899e+01  1.856245e+02  1.762899e+01
  1    0  odd         52  8.245658e-03  9.649874e-04  8.245658e-03
  2    1  even      2125  -1.370965e-01  1.431021e+00  1.748886e+01
  3    1  odd         48  -2.918000e-03  1.992829e-03  1.538099e+01
  4    2  even       785  -1.202941e-01  5.126410e-01  1.729031e+01
  5    2  odd         56  -1.028271e-03  2.346986e-03  1.667364e+01
  6    3  even      2925  -9.200892e-02  1.561545e-01  1.727884e+01
  7    3  odd       1583  -1.322590e-03  2.496587e-03  1.725342e+01
  0    0  even    172227  1.766632e+01  1.849371e+02  1.766632e+01
  1    0  odd        284  5.972071e-03  9.390832e-04  5.972071e-03
  2    1  even     10663  -1.226340e-01  1.471742e+00  1.728025e+01
  3    1  odd        292  8.658508e-05  1.870389e-03  1.704220e+01
  4    2  even      4463  -1.342042e-01  4.950228e-01  1.768944e+01
  5    2  odd        214  2.950405e-03  2.789292e-03  1.870439e+01
  6    3  even      1785  -8.080227e-02  1.524749e-01  1.746807e+01
  7    3  odd        156  3.920292e-03  2.059923e-03  1.558649e+01
  8    4  even     12851  -5.696994e-02  4.326389e-02  1.721781e+01
  9    4  odd       1162  -3.186198e-04  2.576144e-03  1.679681e+01
  0    0  even     31540  1.751966e+01  1.823213e+02  1.751966e+01
  1    0  odd         44  5.069917e-05  5.754960e-04  5.069917e-05
  2    1  even      2166  -1.013694e-01  1.364713e+00  1.806852e+01
  3    1  odd         35  1.884535e-03  2.140516e-03  1.721451e+01
  4    2  even       820  -1.743116e-01  5.226892e-01  1.723043e+01
  5    2  odd         64  -7.037179e-03  1.743558e-03  1.576493e+01
  6    3  even       316  -1.163541e-01  1.555130e-01  1.583752e+01
  7    3  odd         15  7.705006e-03  2.148702e-03  1.744211e+01
  8    4  even       574  -5.396327e-02  4.468399e-02  1.755033e+01
  9    4  odd       1155  1.319563e-03  2.530728e-03  1.782364e+01
  0    0  even    146612  1.764577e+01  1.831732e+02  1.764577e+01
  1    0  odd        232  4.093378e-03  1.065263e-03  4.093378e-03
  2    1  even      9050  -1.108954e-01  1.415974e+00  1.756470e+01
  3    1  odd        250  8.520712e-04  2.014107e-03  1.806644e+01
  4    2  even      3821  -1.289090e-01  4.752894e-01  1.726724e+01
  5    2  odd        176  2.530902e-03  2.343245e-03  1.962788e+01
  6    3  even      1498  -8.621888e-02  1.569714e-01  1.818556e+01
  7    3  odd        134  -1.222030e-04  2.406899e-03  1.764570e+01
  8    4  even       572  -5.290382e-02  4.386535e-02  1.738219e+01
  9    4  odd         86  3.785339e-04  2.789759e-03  2.046817e+01
 10    5  even      5082  -2.789149e-02  9.940224e-03  1.702282e+01
 11    5  odd        873  -5.505235e-03  2.017777e-02  1.693402e+01
  0    0  even    202314  1.766041e+01  1.844384e+02  1.766041e+01
  1    0  odd        342  2.381623e-03  1.053459e-03  2.381623e-03
  2    1  even     12566  -1.001182e-01  1.391674e+00  1.776068e+01
  3    1  odd        337  3.600963e-03  2.232714e-03  1.750927e+01
  4    2  even      5171  -1.287213e-01  4.991291e-01  1.778357e+01
  5    2  odd        255  1.436888e-03  2.232572e-03  1.616747e+01
  6    3  even      2087  -9.245063e-02  1.580571e-01  1.728989e+01
  7    3  odd        184  -5.126698e-03  2.632963e-03  1.820215e+01
  8    4  even       781  -5.283269e-02  4.440634e-02  1.636794e+01
  9    4  odd        138  -3.987372e-03  2.309695e-03  1.774056e+01
 11    5  odd       4169  -6.210051e-03  2.106340e-02  1.739362e+01
  0    0  even      3991  1.780197e+01  1.859994e+02  1.780197e+01
  1    0  odd         16  1.203525e-02  1.011069e-03  1.203525e-02
  2    1  even       146  -7.246963e-02  1.455181e+00  1.904334e+01
  3    1  odd         16  4.894842e-03  1.831971e-03  2.191782e+01
  4    2  even       139  -1.319545e-01  4.885392e-01  1.779244e+01
  5    2  odd          2  1.870384e-02  5.264280e-05  1.272192e+01
  6    3  even        73  -8.632378e-02  1.714111e-01  1.739816e+01
  7    3  odd         10  -2.984414e-03  3.415943e-03  1.302511e+01
  8    4  even        25  -4.280273e-02  3.549840e-02  1.429312e+01
 11    5  odd         95  -6.820644e-03  1.884979e-02  1.697011e+01
  0    0  even    275063  1.765789e+01  1.844454e+02  1.765789e+01
  1    0  odd        454  3.591912e-03  9.999902e-04  3.591912e-03
  2    1  even     17027  -1.179915e-01  1.376270e+00  1.726428e+01
  3    1  odd        466  4.314823e-03  2.091817e-03  1.730645e+01
  4    2  even      7107  -1.252494e-01  4.615429e-01  1.749030e+01
  5    2  odd        341  9.159567e-04  2.390872e-03  1.718037e+01
  6    3  even      2810  -8.574047e-02  1.475083e-01  1.777543e+01
  7    3  odd        254  -5.099655e-03  2.009323e-03  1.631702e+01
  8    4  even      1052  -4.769538e-02  4.074246e-02  1.689344e+01
  9    4  odd        177  3.998862e-03  2.019483e-03  1.915728e+01
 11    5  odd        362  -1.627210e-03  1.316723e-02  1.624452e+01
 12    6  even      1286  -1.251314e-02  2.676910e-03  1.784263e+01
 13    6  odd       1863  8.220894e-04  5.032032e-03  1.716201e+01
 12    6  even        97  -2.456474e-02  3.232440e-03  1.846883e+01
 13    6  odd         33  -1.809829e-02  6.260452e-03  1.980818e+01
  0    0  even    171637  1.769217e+01  1.858866e+02  1.769217e+01
  1    0  odd        282  4.189801e-03  9.518561e-04  4.189801e-03
  2    1  even     10392  -1.324125e-01  1.444196e+00  1.741742e+01
  3    1  odd        288  7.448754e-03  2.094036e-03  1.743784e+01
  4    2  even      4202  -1.447826e-01  5.001916e-01  1.726232e+01
  5    2  odd        222  1.619639e-03  2.711021e-03  1.784773e+01
  6    3  even      1694  -9.258060e-02  1.564466e-01  1.718198e+01
  7    3  odd        134  -1.864546e-03  2.467733e-03  1.868316e+01
  8    4  even       626  -6.082690e-02  4.915235e-02  1.792785e+01
  9    4  odd         94  -1.476871e-02  2.212794e-03  1.798942e+01
 11    5  odd        158  -2.863811e-03  1.763548e-02  1.591532e+01
 12    6  even        81  -8.434018e-03  1.960875e-03  1.415661e+01
 13    6  odd         98  -4.164360e-03  5.682109e-03  1.774534e+01
 14    7  even       491  -8.483235e-03  6.125940e-04  1.663563e+01
 15    7  odd        669  3.370796e-04  1.427832e-03  1.765537e+01
 15    7  odd         77  -2.832988e-03  1.841565e-03  1.563490e+01
  5    2  odd          2  -2.122943e-02  9.567093e-05  2.110413e+00
 15    7  odd         12  -8.468973e-03  6.323856e-04  1.912105e+01
  0    0  even    127587  1.760518e+01  1.817006e+02  1.760518e+01
  1    0  odd        202  2.844552e-03  1.007955e-03  2.844552e-03
  2    1  even      7975  -1.357736e-01  1.415623e+00  1.742500e+01
  3    1  odd        215  9.302223e-03  2.025947e-03  1.802899e+01
  4    2  even      3315  -1.254868e-01  4.569193e-01  1.763238e+01
  5    2  odd        177  -4.850997e-03  2.688082e-03  1.613869e+01
  6    3  even      1311  -8.971889e-02  1.529463e-01  1.721737e+01
  7    3  odd        116  -9.530616e-03  2.717630e-03  1.733506e+01
  8    4  even       530  -7.313601e-02  5.638437e-02  1.791925e+01
  9    4  odd         82  -1.012550e-02  2.332714e-03  1.625329e+01
 11    5  odd        156  -6.733848e-03  1.971493e-02  1.673865e+01
 12    6  even        31  -1.104175e-02  1.144337e-03  1.717718e+01
 13    6  odd         65  -7.536432e-03  5.296247e-03  1.895585e+01
 14    7  even        14  -4.158436e-03  1.145190e-04  1.527149e+01
 15    7  odd         22  6.090858e-03  1.146799e-03  1.670622e+01
 16    8  even       171  -4.627848e-03  2.447585e-04  1.880499e+01
 17    8  odd        263  3.690878e-04  3.513651e-04  1.641260e+01
  5    2  odd         12  1.347285e-03  1.622746e-03  2.037093e+01
  7    3  odd          4  -1.111884e-03  4.874207e-03  1.828033e+01
  8    4  even        67  -4.880444e-02  6.496775e-02  1.700619e+01
 16    8  even        55  -1.347352e-03  9.766815e-05  1.645902e+01
 17    8  odd          8  6.335627e-03  5.361662e-04  1.438156e+01
  0    0  even       200  1.895700e+01  2.393343e+02  1.895700e+01
  1    0  odd        200  -6.016984e-04  9.540547e-04  -6.016984e-04
  2    1  even       200  -1.880090e-01  1.825778e+00  1.761770e+01
  3    1  odd        200  -2.360754e-03  1.850236e-03  1.628778e+01
  4    2  even       200  -5.097382e-02  4.430450e-01  1.990590e+01
  5    2  odd        200  -4.384180e-04  2.662671e-03  1.632033e+01
  0    0  even    978988  1.764553e+01  1.841055e+02  1.764553e+01
  1    0  odd       1183  3.826084e-03  1.005353e-03  3.826084e-03
  2    1  even     60275  -1.112903e-01  1.398507e+00  1.756613e+01
  3    1  odd       1162  1.404578e-04  2.049037e-03  1.823552e+01
  4    2  even     20865  -1.394434e-01  4.842241e-01  1.722779e+01
  5    2  odd        955  -9.128581e-04  2.513224e-03  1.771807e+01
  6    3  even      7588  -9.451511e-02  1.484505e-01  1.720571e+01
  7    3  odd        389  4.698548e-04  2.446875e-03  1.709725e+01
  3    1  odd          2  -2.619902e-02  1.407233e-03  8.649719e+00
  4    2  even        34  -6.643856e-02  1.938986e-01  1.542817e+01
  6    3  even       676  -6.978413e-02  1.181027e-01  1.714416e+01
  7    3  odd        362  4.137082e-03  2.452053e-03  1.698643e+01
  1    0  odd         43  -1.552770e-03  8.231682e-04  -1.552770e-03
  3    1  odd         69  -4.942756e-03  2.785186e-03  1.975448e+01
  4    2  even      1056  -1.352172e-01  5.675473e-01  1.818594e+01
  6    3  even       346  -8.290850e-02  1.271949e-01  1.706162e+01
  7    3  odd         38  -5.126685e-03  2.713103e-03  1.772887e+01
  8    4  even      3126  -4.728022e-02  4.072318e-02  1.718550e+01
  9    4  odd        287  1.251530e-03  2.555199e-03  1.743781e+01
  1    0  odd          9  1.796381e-02  1.597571e-03  1.796381e-02
  3    1  odd         26  1.935044e-02  1.469120e-03  1.774873e+01
  4    2  even       288  -1.754502e-01  5.458109e-01  1.714713e+01
  6    3  even        53  -1.721790e-01  2.106180e-01  1.637216e+01
  7    3  odd         10  -6.644440e-03  2.497509e-03  2.204341e+01
  8    4  even       118  -4.409118e-02  4.632527e-02  1.812573e+01
  9    4  odd        288  2.845087e-04  2.205459e-03  1.781259e+01
  1    0  odd         62  -3.088237e-04  8.123363e-04  -3.088237e-04
  3    1  odd         58  1.055453e-03  1.927160e-03  1.961536e+01
  4    2  even       929  -1.500652e-01  5.608199e-01  1.746679e+01
  5    2  odd         37  1.021774e-02  2.794482e-03  1.545253e+01
  6    3  even       366  -8.787095e-02  1.424251e-01  1.766041e+01
  7    3  odd         33  1.587785e-02  2.310543e-03  1.832087e+01
  8    4  even       140  -6.751796e-02  3.939300e-02  1.786588e+01
  9    4  odd          2  4.834200e-02  2.443346e-04  1.691302e+01
 10    5  even      1229  -2.730215e-02  1.100275e-02  1.725189e+01
 11    5  odd        210  -4.511244e-03  1.998784e-02  1.696758e+01
  1    0  odd         83  7.348867e-03  1.127736e-03  7.348867e-03
  3    1  odd         87  -4.035324e-03  2.658751e-03  1.996299e+01
  4    2  even      1454  -1.215215e-01  5.056406e-01  1.784423e+01
  5    2  odd         74  7.282882e-03  2.030873e-03  1.431859e+01
  6    3  even       529  -1.130583e-01  1.712042e-01  1.632129e+01
  7    3  odd         49  5.764920e-03  2.289676e-03  1.881234e+01
  8    4  even       198  -6.245684e-02  4.523179e-02  1.723973e+01
  9    4  odd         35  -4.836593e-03  1.351533e-03  1.623277e+01
 11    5  odd       1043  3.075699e-03  1.961999e-02  1.697893e+01
  0    0  even     51082  1.768956e+01  1.872782e+02  1.768956e+01
  1    0  odd        120  -7.047883e-03  1.147682e-03  -7.047883e-03
  2    1  even      3050  -1.427144e-01  1.509434e+00  1.706064e+01
  3    1  odd        130  5.387835e-03  2.351363e-03  1.696356e+01
  4    2  even      1803  -1.777052e-01  5.294617e-01  1.709707e+01
  5    2  odd         83  9.522682e-03  2.205658e-03  1.831543e+01
  6    3  even       735  -9.819079e-02  1.357551e-01  1.673372e+01
  7    3  odd         61  -9.278060e-03  2.978492e-03  1.817216e+01
  8    4  even       268  -4.903036e-02  4.953126e-02  1.720335e+01
  9    4  odd         36  -5.107601e-03  1.545814e-03  2.047331e+01
 11    5  odd         79  -1.585827e-02  1.847864e-02  1.887409e+01
 12    6  even       338  -1.955103e-02  2.692664e-03  1.570306e+01
 13    6  odd        452  -3.292802e-03  4.639795e-03  1.762201e+01
  1    0  odd          2  9.988785e-03  4.193143e-05  9.988785e-03
  7    3  odd          2  2.500263e-02  3.154548e-03  3.742267e+01
  8    4  even         1  -5.944824e-02  0.000000e+00  3.863281e+00
 12    6  even         8  -9.538820e-04  4.340694e-04  1.108571e+01
 13    6  odd          3  1.124882e-03  1.885302e-04  2.250379e+01
  0    0  even     41106  1.771585e+01  1.839104e+02  1.771585e+01
  1    0  odd         79  1.896036e-03  6.204587e-04  1.896036e-03
  2    1  even      2632  -1.130411e-01  1.525296e+00  1.778931e+01
  3    1  odd         78  -1.459993e-03  2.475704e-03  1.558306e+01
  4    2  even      1125  -1.207998e-01  5.301208e-01  1.808042e+01
  5    2  odd         49  -5.551676e-03  2.319667e-03  2.184662e+01
  6    3  even       377  -7.489710e-02  1.420645e-01  1.685057e+01
  7    3  odd         44  -6.057739e-03  2.011780e-03  1.960036e+01
  8    4  even       179  -5.862239e-02  3.186327e-02  1.654527e+01
  9    4  odd         19  -2.760487e-03  3.576035e-03  1.530479e+01
 11    5  odd         51  -2.393702e-03  2.101226e-02  1.592827e+01
 12    6  even        13  -3.858374e-03  7.154883e-04  1.361028e+01
 13    6  odd         19  -9.849691e-03  4.271646e-03  1.193463e+01
 14    7  even       121  -6.900018e-03  8.092668e-04  1.878828e+01
 15    7  odd        159  -2.102838e-03  1.221550e-03  1.774466e+01
  3    1  odd          2  -5.828890e-02  5.268414e-04  1.426758e+01
  9    4  odd          4  8.161724e-03  3.525157e-04  1.810199e+01
 14    7  even        20  -1.267597e-02  9.193886e-04  1.570823e+01
 15    7  odd         14  1.142559e-02  1.709693e-03  2.029340e+01
  2    1  even        12  1.536865e-01  7.798553e-01  2.237630e+01
  3    1  odd          3  -1.708183e-02  3.763574e-04  8.659627e+00
 14    7  even         1  -1.701838e-02  0.000000e+00  9.173567e+00
 15    7  odd          3  -4.712410e-02  1.011303e-02  7.474855e+00
  0    0  even       100  1.633744e+01  1.458038e+02  1.633744e+01
  2    1  even       106  -1.057520e-01  1.468044e+00  1.584448e+01
  3    1  odd          1  -5.652963e-02  0.000000e+00  7.490479e+00
  4    2  even        44  -8.781294e-02  3.082101e-01  1.605473e+01
 11    5  odd          2  2.773234e-01  6.091029e-03  1.956386e+01
 15    7  odd         13  -1.248536e-02  2.277851e-04  1.012368e+01
  0    0  even       200  1.745198e+01  1.663008e+02  1.745198e+01
  1    0  odd        200  1.065341e-03  1.032586e-03  1.065341e-03
  2    1  even       200  2.498596e-02  9.509630e-01  1.780547e+01
  3    1  odd        200  6.782417e-03  1.779360e-03  1.701215e+01
  4    2  even       200  -1.304755e-01  6.046356e-01  1.580451e+01
  5    2  odd        200  1.710703e-03  2.470547e-03  1.533036e+01
  0    0  even    110535  1.766092e+01  1.839348e+02  1.766092e+01
  2    1  even      5722  -1.216164e-01  1.503714e+00  1.755294e+01
  4    2  even      3139  -1.237472e-01  4.774724e-01  1.754304e+01
  0    0  even     11845  1.764557e+01  1.821810e+02  1.764557e+01
  1    0  odd          6  -1.170699e-02  5.129965e-04  -1.170699e-02
  2    1  even      1869  -1.270444e-01  1.524658e+00  1.758196e+01
  0    0  even      7988  1.769399e+01  1.827383e+02  1.769399e+01
  1    0  odd         12  1.215876e-02  1.115762e-03  1.215876e-02
  2    1  even       538  -8.640332e-02  1.333012e+00  1.720617e+01
  3    1  odd          4  -1.967013e-03  2.046383e-03  1.709137e+01
  4    2  even        16  -1.852417e-02  4.044653e-01  1.988452e+01
  6    3  even      1218  -9.417419e-02  1.468129e-01  1.723915e+01
  7    3  odd         62  8.671408e-03  2.987018e-03  1.799843e+01
  0    0  even      1283  1.847746e+01  1.981102e+02  1.847746e+01
  1    0  odd          4  -1.187587e-02  6.805041e-05  -1.187587e-02
  2    1  even        54  -2.740705e-01  1.254537e+00  1.484003e+01
  3    1  odd          2  -1.491019e-02  2.762668e-03  1.881537e+01
  4    2  even        32  1.002998e-01  3.817164e-01  2.156764e+01
  6    3  even       100  -1.643890e-01  2.145256e-01  1.619631e+01
  7    3  odd         71  2.575844e-03  1.987371e-03  1.542054e+01
  0    0  even        80  1.601081e+01  1.260337e+02  1.601081e+01
  3    1  odd          1  -8.181903e-02  0.000000e+00  2.538440e+01
  6    3  even        25  -9.037109e-02  1.513192e-01  1.837484e+01
  0    0  even      6821  1.776886e+01  1.867327e+02  1.776886e+01
  1    0  odd         10  1.437109e-02  7.681962e-04  1.437109e-02
  2    1  even       432  -1.366467e-01  1.349620e+00  1.789418e+01
  3    1  odd         12  8.118437e-03  1.535396e-03  1.062637e+01
  4    2  even       175  -5.962437e-02  4.087910e-01  1.856153e+01
  6    3  even        70  -5.732247e-02  1.696632e-01  1.809010e+01
  8    4  even       513  -4.629784e-02  4.058543e-02  1.762362e+01
  9    4  odd         47  6.074440e-03  2.607772e-03  2.040846e+01
  0    0  even      1129  1.733174e+01  1.673749e+02  1.733174e+01
  1    0  odd          1  2.351189e-02  0.000000e+00  2.351189e-02
  2    1  even        48  -1.237920e-01  1.782226e+00  1.809025e+01
  3    1  odd          1  -5.230705e-02  0.000000e+00  5.231445e+00
  4    2  even        14  -2.187413e-01  5.742332e-01  1.873019e+01
  6    3  even        15  -1.188151e-02  1.372260e-01  1.844583e+01
  8    4  even         7  -1.613770e-01  8.253159e-02  1.545061e+01
  9    4  odd         47  -1.947819e-03  3.633707e-03  2.015928e+01
  0    0  even       179  1.612958e+01  1.379487e+02  1.612958e+01
  2    1  even        20  -1.786499e-02  5.852402e-01  1.578628e+01
  3    1  odd          1  1.819718e-02  0.000000e+00  1.123572e+01
  4    2  even         7  -8.494350e-02  6.449488e-02  1.186496e+01
  6    3  even         2  -2.080688e-01  2.208808e-02  3.090820e+00
  8    4  even         6  -1.090088e-01  1.463488e-02  8.073242e+00
  9    4  odd          9  -1.233129e-03  2.648025e-03  1.510646e+01
  0    0  even      5815  1.775526e+01  1.890580e+02  1.775526e+01
  1    0  odd         10  1.551385e-02  9.691005e-04  1.551385e-02
  2    1  even       364  -1.614256e-01  1.529076e+00  1.771786e+01
  3    1  odd          9  1.550134e-02  8.239004e-04  2.225346e+01
  4    2  even       147  -1.761284e-01  4.832721e-01  1.510222e+01
  6    3  even        59  -1.118516e-01  1.105869e-01  1.496715e+01
  7    3  odd          1  1.490897e-02  0.000000e+00  4.101929e+00
  8    4  even        20  -1.010925e-01  6.473865e-02  1.498486e+01
  9    4  odd          3  -5.367866e-02  2.010885e-03  1.934049e+01
 10    5  even       198  -3.325191e-02  1.047459e-02  1.660724e+01
 11    5  odd         39  -1.151139e-02  2.619008e-02  1.761295e+01
  0    0  even      9563  1.758602e+01  1.818238e+02  1.758602e+01
  1    0  odd         16  6.052855e-03  1.417022e-03  6.052855e-03
  2    1  even       608  -4.482972e-02  1.075398e+00  1.676881e+01
  3    1  odd         12  -1.022241e-02  2.485910e-03  1.760659e+01
  4    2  even       243  -1.562053e-01  4.032436e-01  1.650754e+01
  5    2  odd          2  -2.572538e-02  5.066090e-05  7.252686e+00
  6    3  even        88  -2.431835e-02  6.703848e-02  1.677362e+01
  7    3  odd          8  -9.347026e-03  9.490653e-04  1.876335e+01
  8    4  even        42  -2.972121e-02  3.723610e-02  1.519508e+01
  9    4  odd          8  8.924395e-04  1.835292e-03  1.634084e+01
 11    5  odd        193  -8.175636e-03  2.198331e-02  1.538083e+01
  0    0  even     10314  1.734598e+01  1.827781e+02  1.734598e+01
  1    0  odd         21  7.066273e-04  1.463964e-03  7.066273e-04
  2    1  even       569  -1.165945e-01  1.302021e+00  1.624325e+01
  3    1  odd         20  -9.017683e-03  1.329813e-03  1.470155e+01
  4    2  even       244  -1.157327e-01  4.889461e-01  1.660154e+01
  5    2  odd         13  5.269945e-03  2.702838e-03  1.813171e+01
  6    3  even        80  -1.077530e-01  1.335978e-01  1.663370e+01
  7    3  odd          7  -1.438525e-03  1.010548e-03  1.443743e+01
  8    4  even        37  -6.587178e-02  5.287541e-02  2.075100e+01
  9    4  odd          6  1.613170e-02  6.203920e-04  1.037372e+01
 12    6  even        53  -1.583215e-02  4.033493e-03  1.772554e+01
 13    6  odd         78  3.293374e-03  6.596298e-03  1.560282e+01
  0    0  even       356  1.900530e+01  1.961846e+02  1.900530e+01
  1    0  odd          5  3.501892e-04  9.149069e-04  3.501892e-04
  4    2  even        13  -2.289288e-02  2.984181e-01  1.615505e+01
  5    2  odd          1  -6.615734e-02  0.000000e+00  7.371582e+00
  8    4  even         6  7.924398e-02  3.375652e-02  1.054150e+01
 12    6  even        16  -3.136970e-03  1.406671e-03  1.688445e+01
 13    6  odd         10  -2.360656e-02  2.283514e-02  1.820015e+01
  0    0  even       540  1.860388e+01  1.871013e+02  1.860388e+01
  2    1  even        28  -1.899937e-01  1.401224e+00  1.641037e+01
  4    2  even        11  2.162864e-02  2.231796e-01  1.761701e+01
  5    2  odd          1  3.136969e-02  0.000000e+00  2.520605e+01
  6    3  even         5  2.380371e-02  2.630701e-02  1.230537e+01
  8    4  even         3  -1.981608e-02  1.020960e-02  7.867839e+00
 13    6  odd         13  8.646800e-03  2.760448e-03  2.334322e+01
  0    0  even       200  1.783829e+01  1.744547e+02  1.783829e+01
  1    0  odd        200  4.061956e-03  9.402789e-04  4.061956e-03
  2    1  even       200  6.423279e-02  9.675692e-01  1.821437e+01
  3    1  odd        200  3.538253e-03  1.956953e-03  1.697901e+01
  4    2  even       200  -1.177075e-01  5.299716e-01  1.757884e+01
  5    2  odd        200  3.724273e-03  1.978209e-03  1.715543e+01
  0    0  even     28529  1.759545e+01  1.838870e+02  1.759545e+01
  2    1  even      1313  -1.222692e-01  1.324043e+00  1.795464e+01
  4    2  even       592  -9.805267e-02  4.684796e-01  1.842442e+01
  0    0  even      1656  1.786219e+01  1.934888e+02  1.786219e+01
  2    1  even       281  -1.461907e-01  1.254065e+00  1.688647e+01
  0    0  even      2069  1.782589e+01  1.864190e+02  1.782589e+01
  2    1  even       116  -2.037259e-01  1.134567e+00  1.707863e+01
  4    2  even        40  -8.771057e-02  5.125931e-01  1.835639e+01
  6    3  even       302  -1.179175e-01  1.576377e-01  1.721248e+01
  7    3  odd         14  -1.159580e-04  1.929066e-03  1.062637e+01
  0    0  even       372  1.782666e+01  1.953893e+02  1.782666e+01
  2    1  even        15  -2.258219e-01  1.813480e+00  1.661751e+01
  4    2  even        10  1.902710e-01  3.291830e-01  1.932773e+01
  6    3  even        38  -8.761115e-02  1.137767e-01  1.537922e+01
  7    3  odd         13  3.423874e-03  2.801934e-03  1.594127e+01
  0    0  even        24  1.706714e+01  1.737346e+02  1.706714e+01
  2    1  even         5  4.758301e-02  3.341090e-01  7.051367e+00
  7    3  odd          3  -3.040812e-02  4.552315e-05  1.472335e+01
  0    0  even      1688  1.764899e+01  1.759886e+02  1.764899e+01
  2    1  even        97  -1.737350e-01  1.553825e+00  1.605552e+01
  4    2  even        43  -1.064340e-01  5.377197e-01  1.885786e+01
  6    3  even        12  -6.439209e-02  5.328147e-02  1.427303e+01
  8    4  even       128  -1.602507e-02  3.164408e-02  1.584001e+01
  9    4  odd         11  -9.549812e-04  5.527593e-04  1.757506e+01
