
**********************************************************
*** MLMC file version 1.0     produced by              ***
*** C++ mlmc_test on Fri Jul 31 03:39:40 2026          ***
**********************************************************

**********************************************************
*** Convergence tests, kurtosis, telescoping sum check ***
*** using N =  20000 samples                           ***
**********************************************************

 l   ave(Pf-Pc)    ave(Pf)   var(Pf-Pc)    var(Pf)    kurtosis     check        cost 
---------------------------------------------------------------------------------------
 0   5.6810e+00  5.6810e+00  6.1145e+01  6.1145e+01  5.8786e+00  0.0000e+00  1.0000e+00 
 1   1.3268e-03  1.3268e-03  2.8634e-04  2.8634e-04  5.7936e+00  0.0000e+00  2.0000e+00 
 2   4.5649e-02  5.6132e+00  2.5005e-01  6.1744e+01  1.6729e+01  0.0000e+00  2.0000e+00 
 3  -1.5035e-04  5.6244e+00  2.3786e-03  6.1312e+01  5.0064e+00  1.0789e+01  4.0000e+00 
 4   4.2808e-02  5.7145e+00  3.8740e-02  6.1848e+01  1.0806e+01  0.0000e+00  4.0000e+00 
 5   4.9630e-04  5.7618e+00  1.8445e-03  6.3750e+01  5.6104e+00  2.8983e-01  8.0000e+00 
 6   2.7074e-02  5.7430e+00  7.5545e-03  6.2082e+01  8.7532e+00  0.0000e+00  8.0000e+00 
 7   1.7424e-05  5.7135e+00  1.2014e-03  6.2747e+01  5.8634e+00  6.9346e-02  1.6000e+01 
 8   1.5388e-02  5.8035e+00  2.3313e-03  6.3427e+01  7.6753e+00  0.0000e+00  1.6000e+01 
 9   8.3064e-05  5.7395e+00  1.0361e-03  6.2616e+01  6.2544e+00  1.0538e-01  3.2000e+01 
10   7.8115e-03  5.7651e+00  1.2657e-03  6.3167e+01  7.4206e+00  0.0000e+00  3.2000e+01 
11  -9.6339e-05  5.7438e+00  9.3692e-04  6.2597e+01  5.9829e+00  6.2026e-02  6.4000e+01 
12   3.7244e-03  5.7597e+00  9.6525e-04  6.3960e+01  6.2310e+00  0.0000e+00  6.4000e+01 
13   2.3929e-04  5.7674e+00  9.0682e-04  6.4908e+01  6.2087e+00  2.1044e-02  1.2800e+02 
14   2.0718e-03  5.7394e+00  8.9955e-04  6.2625e+01  5.8232e+00  0.0000e+00  1.2800e+02 
15  -1.6887e-05  5.7815e+00  8.9756e-04  6.3080e+01  6.0841e+00  1.2133e-02  2.5600e+02 
16   1.0433e-03  5.7931e+00  9.1371e-04  6.4058e+01  5.9317e+00  0.0000e+00  2.5600e+02 
17  -2.9639e-04  5.7529e+00  9.0296e-04  6.3838e+01  5.9330e+00  3.5825e-02  5.1200e+02 
18  -3.1805e-03  5.7710e+00  8.5821e-04  6.3411e+01  5.8523e+00  0.0000e+00  5.1200e+02 
19   3.4174e-03  5.7765e+00  8.6192e-04  6.4604e+01  5.9327e+00  1.8114e-03  1.0240e+03 
20  -9.6603e-04  5.7587e+00  5.7459e-04  6.3497e+01  1.2711e+01  0.0000e+00  1.0240e+03 
21   1.9849e-03  5.7873e+00  6.1017e-04  6.4729e+01  1.2301e+01  3.6406e-03  2.0480e+03 

 WARNING: maximum consistency error = 10.789110 
 indicates identity E[Pf-Pc] = E[Pf] - E[Pc] not satisfied 

******************************************************
*** Linear regression estimates of MLMC parameters ***
******************************************************

 alpha = 0.663942  (exponent for MLMC weak convergence)
 beta  = 0.830991  (exponent for MLMC variance) 
 gamma = 1.000000  (exponent for MLMC cost) 

***************************** 
*** MLMC complexity tests *** 
***************************** 

  eps       value   mlmc_cost   std_cost  savings     N_l 
--------------------------------------------------------- 
0.0050  5.7596e+00  7.931e+06  8.550e+08   107.81   4984288     7789   226950    15943    85079     9689    36900     5677    14421     3594     5621     2471     2433     1781     1786     1225
0.0100  5.7640e+00  1.995e+06  2.138e+08   107.13   1249746     1942    57294     4028    21479     2474     9397     1362     3648      939     1425      651      654      452      431      304
0.0200  5.7564e+00  4.969e+05  5.344e+07   107.55    310843      503    14455     1039     5419      594     2304      374      912      224      356      158      156       96      130       74
0.0500  5.7243e+00  5.993e+04  1.082e+06    18.06     42433      200     2078      200      779      200      394       54      155       29
0.1000  5.8824e+00  1.818e+04  2.706e+05    14.89     11161      200      597      200      224      200      116       14       45        8

