
**********************************************************
*** MLMC file version 1.0     produced by              ***
*** C++ mlmc_test on Fri Jul 31 03:40:22 2026          ***
**********************************************************

**********************************************************
*** Convergence tests, kurtosis, telescoping sum check ***
*** using N =  20000 samples                           ***
**********************************************************

 l   ave(Pf-Pc)    ave(Pf)   var(Pf-Pc)    var(Pf)    kurtosis     check        cost 
---------------------------------------------------------------------------------------
 0   5.6810e+00  5.6810e+00  6.1145e+01  6.1145e+01  5.8786e+00  0.0000e+00  1.0000e+00 
 1   1.3268e-03  1.3268e-03  2.8634e-04  2.8634e-04  5.7936e+00  0.0000e+00  2.0000e+00 
 2   4.5649e-02  5.6132e+00  2.5005e-01  6.1744e+01  1.6729e+01  0.0000e+00  2.0000e+00 
 3  -1.5035e-04  5.6244e+00  2.3786e-03  6.1312e+01  5.0064e+00  1.0789e+01  4.0000e+00 
 4   4.2808e-02  5.7145e+00  3.8740e-02  6.1848e+01  1.0806e+01  0.0000e+00  4.0000e+00 
 5   4.9630e-04  5.7618e+00  1.8445e-03  6.3750e+01  5.6104e+00  2.8983e-01  8.0000e+00 
 6   2.7074e-02  5.7430e+00  7.5545e-03  6.2082e+01  8.7532e+00  0.0000e+00  8.0000e+00 
 7   1.7424e-05  5.7135e+00  1.2014e-03  6.2747e+01  5.8634e+00  6.9346e-02  1.6000e+01 
 8   1.5388e-02  5.8035e+00  2.3313e-03  6.3427e+01  7.6753e+00  0.0000e+00  1.6000e+01 
 9   8.3064e-05  5.7395e+00  1.0361e-03  6.2616e+01  6.2544e+00  1.0538e-01  3.2000e+01 
10   7.8115e-03  5.7651e+00  1.2657e-03  6.3167e+01  7.4206e+00  0.0000e+00  3.2000e+01 
11  -9.6339e-05  5.7438e+00  9.3692e-04  6.2597e+01  5.9829e+00  6.2026e-02  6.4000e+01 
12   3.7244e-03  5.7597e+00  9.6525e-04  6.3960e+01  6.2310e+00  0.0000e+00  6.4000e+01 
13   2.3929e-04  5.7674e+00  9.0682e-04  6.4908e+01  6.2087e+00  2.1044e-02  1.2800e+02 
14   1.9575e-03  5.7411e+00  1.5197e-05  6.2666e+01  7.9991e+00  0.0000e+00  2.5600e+02 
15   2.7578e-06  5.7918e+00  3.1304e-05  6.3530e+01  5.7081e+00  5.5179e-03  2.5600e+02 
16   9.7636e-04  5.7656e+00  3.6943e-06  6.3280e+01  7.5127e+00  0.0000e+00  5.1200e+02 
17   2.1228e-07  5.7905e+00  7.6755e-06  6.3375e+01  5.5892e+00  3.3139e-02  5.1200e+02 
18   5.0202e-04  5.7898e+00  9.6373e-07  6.4776e+01  7.9716e+00  0.0000e+00  1.0240e+03 
19   4.4923e-06  5.7906e+00  1.8999e-06  6.4706e+01  5.4201e+00  3.4867e-02  1.0240e+03 
20   2.4872e-04  5.7567e+00  2.4238e-07  6.4411e+01  7.0186e+00  0.0000e+00  2.0480e+03 
21  -7.1484e-07  5.8281e+00  4.9936e-07  6.4584e+01  5.2953e+00  6.1083e-03  2.0480e+03 

 WARNING: maximum consistency error = 10.789110 
 indicates identity E[Pf-Pc] = E[Pf] - E[Pc] not satisfied 

******************************************************
*** Linear regression estimates of MLMC parameters ***
******************************************************

 alpha = 0.888099  (exponent for MLMC weak convergence)
 beta  = 2.206157  (exponent for MLMC variance) 
 gamma = 1.145455  (exponent for MLMC cost) 

***************************** 
*** MLMC complexity tests *** 
***************************** 

  eps       value   mlmc_cost   std_cost  savings     N_l 
--------------------------------------------------------- 
0.0050  5.7610e+00  6.795e+06  8.556e+08   125.92   4612644     7054   211548    14684    58700     9106    18298     5101     7264     3330     3695     2249     2282     1543      751      508
0.0100  5.7793e+00  1.599e+06  1.092e+08    68.25   1118348     1764    63981     3624    14893     2168     4592     1245     1709      762      933      520      566      394
0.0200  5.7917e+00  3.962e+05  2.729e+07    68.88    278518      426    15635      874     3640      554     1139      320      408      187      228      127      142       92
0.0500  5.7419e+00  5.313e+04  1.082e+06    20.37     40277      200     1826      200      515      200      163       56       66       34
0.1000  5.7797e+00  1.462e+04  6.597e+04     4.51     10147      200      438      200      200      200

