# l  k  parity   N   mean(Y)       var(Y)        mean(Pf)
  0    0  even     20000  5.681042e+00  6.114456e+01  5.681042e+00
  1    0  odd      20000  1.326751e-03  2.863442e-04  1.326751e-03
  2    1  even     20000  4.564857e-02  2.500468e-01  5.613158e+00
  3    1  odd      20000  -1.503530e-04  2.378601e-03  5.624377e+00
  4    2  even     20000  4.280751e-02  3.874020e-02  5.714450e+00
  5    2  odd      20000  4.963016e-04  1.844453e-03  5.761759e+00
  6    3  even     20000  2.707361e-02  7.554476e-03  5.743035e+00
  7    3  odd      20000  1.742416e-05  1.201446e-03  5.713529e+00
  8    4  even     20000  1.538819e-02  2.331251e-03  5.803531e+00
  9    4  odd      20000  8.306399e-05  1.036121e-03  5.739499e+00
 10    5  even     20000  7.811499e-03  1.265679e-03  5.765053e+00
 11    5  odd      20000  -9.633898e-05  9.369243e-04  5.743848e+00
 12    6  even     20000  3.724432e-03  9.652492e-04  5.759726e+00
 13    6  odd      20000  2.392885e-04  9.068184e-04  5.767413e+00
 14    7  even     20000  2.071771e-03  8.995522e-04  5.739418e+00
 15    7  odd      20000  -1.688693e-05  8.975645e-04  5.781547e+00
 16    8  even     20000  1.043317e-03  9.137116e-04  5.793090e+00
 17    8  odd      20000  -2.963946e-04  9.029628e-04  5.752872e+00
 18    9  even     20000  -3.180481e-03  8.582113e-04  5.770973e+00
 19    9  odd      20000  3.417414e-03  8.619178e-04  5.776458e+00
 20   10  even     20000  -9.660339e-04  5.745939e-04  5.758682e+00
 21   10  odd      20000  1.984901e-03  6.101725e-04  5.787292e+00
  0    0  even       200  6.640580e+00  7.314812e+01  6.640580e+00
  1    0  odd        200  5.170697e-04  3.220736e-04  5.170697e-04
  2    1  even       200  3.179749e-02  1.692979e-01  5.044061e+00
  3    1  odd        200  -2.393692e-03  1.672743e-03  5.528687e+00
  4    2  even       200  7.699341e-02  4.979578e-02  7.115233e+00
  5    2  odd        200  3.200884e-03  2.102463e-03  6.247119e+00
  0    0  even    4478081  5.622596e+00  5.962845e+01  5.622596e+00
  1    0  odd       6445  1.376068e-03  2.903582e-04  1.376068e-03
  2    1  even    152143  3.988812e-02  2.497557e-01  5.680953e+00
  3    1  odd      10508  3.850995e-04  2.422711e-03  5.666230e+00
  4    2  even     58222  4.113473e-02  3.891540e-02  5.714954e+00
  5    2  odd       8289  -3.193749e-04  1.785115e-03  5.758978e+00
  2    1  even     21021  4.316841e-02  2.367938e-01  5.518215e+00
  3    1  odd       1334  2.968061e-04  2.503361e-03  5.794510e+00
  4    2  even      6569  4.482578e-02  3.863281e-02  5.615420e+00
  2    1  even     12295  4.413635e-02  2.461543e-01  5.654252e+00
  3    1  odd        922  -3.064692e-03  2.594862e-03  5.780407e+00
  4    2  even      4609  4.067108e-02  3.502456e-02  5.565358e+00
  6    3  even     36900  2.654940e-02  7.392248e-03  5.684856e+00
  7    3  odd       4184  -5.727111e-05  1.267258e-03  5.667361e+00
  7    3  odd        437  -2.073400e-03  1.337220e-03  5.830689e+00
  2    1  even      7891  2.942796e-02  2.480333e-01  5.552499e+00
  3    1  odd        592  -2.235621e-03  2.556760e-03  5.487715e+00
  4    2  even      2959  4.211203e-02  3.935996e-02  5.909072e+00
  7    3  odd        285  2.822394e-03  9.993504e-04  5.348047e+00
  8    4  even     14421  1.490228e-02  2.219037e-03  5.681656e+00
  9    4  odd       2601  -2.947829e-04  1.033349e-03  5.894244e+00
  9    4  odd        495  2.889812e-04  8.681633e-04  5.390454e+00
  1    0  odd        253  9.879232e-04  2.557222e-04  9.879232e-04
  2    1  even      7694  3.616053e-02  2.298441e-01  5.569096e+00
  3    1  odd        555  1.497987e-03  2.418928e-03  6.137201e+00
  4    2  even      2884  4.889644e-02  3.944772e-02  5.798860e+00
  5    2  odd         67  -2.954974e-03  2.106800e-03  4.291808e+00
  7    3  odd        164  -6.626545e-03  1.111897e-03  6.332325e+00
  9    4  odd        111  -2.274686e-03  1.011574e-03  6.411841e+00
 10    5  even      5621  7.688823e-03  1.230408e-03  5.747702e+00
 11    5  odd       1700  8.254681e-04  9.243621e-04  5.841524e+00
 11    5  odd        464  1.669904e-03  8.944494e-04  5.831053e+00
  0    0  even    120091  5.611757e+00  5.928699e+01  5.611757e+00
  1    0  odd        274  3.728743e-03  4.096655e-04  3.728743e-03
  2    1  even      8146  4.567857e-02  2.341793e-01  5.807540e+00
  3    1  odd        590  2.232848e-03  2.422782e-03  5.704311e+00
  4    2  even      3054  4.136693e-02  3.850930e-02  5.806562e+00
  5    2  odd        365  -3.655123e-03  1.876256e-03  5.695956e+00
  7    3  odd        205  4.703442e-03  7.594979e-04  4.608834e+00
  9    4  odd        135  -6.482464e-04  7.604056e-04  5.348580e+00
 11    5  odd         92  4.992985e-03  1.112622e-03  5.885376e+00
 12    6  even      2193  2.900575e-03  8.924340e-04  5.762773e+00
 13    6  odd       1196  1.103379e-03  9.524244e-04  5.771897e+00
  0    0  even     37633  5.599726e+00  6.005666e+01  5.599726e+00
  1    0  odd        118  8.979470e-04  2.266666e-04  8.979470e-04
  2    1  even      1512  3.750602e-02  2.208791e-01  5.457653e+00
  3    1  odd        120  -4.019487e-03  2.499522e-03  6.202929e+00
  4    2  even       567  3.837507e-02  3.722242e-02  5.770495e+00
  5    2  odd         84  4.717872e-03  1.416964e-03  4.578222e+00
  7    3  odd          5  4.994549e-02  3.406706e-03  1.219878e+01
  9    4  odd         10  -1.999244e-02  1.208909e-03  5.956714e+00
 11    5  odd         29  5.237398e-03  7.883463e-04  4.380720e+00
 12    6  even        50  2.377930e-03  1.266619e-03  6.718701e+00
 13    6  odd        442  -5.046971e-04  1.039845e-03  6.026734e+00
  0    0  even      2194  5.414484e+00  5.841313e+01  5.414484e+00
  2    1  even        14  1.270403e-02  8.139386e-02  4.916818e+00
  3    1  odd          8  -8.869994e-03  3.024112e-03  1.191194e+01
  4    2  even         5  -5.947266e-02  1.414799e-02  2.104883e+00
  7    3  odd         12  -7.973989e-03  9.553712e-04  8.555593e+00
  9    4  odd          5  -2.303543e-02  1.095346e-03  6.551196e+00
 12    6  even        11  1.080877e-02  5.257329e-04  3.426136e+00
 13    6  odd         22  -4.821492e-03  5.439905e-04  3.302080e+00
  0    0  even    258201  5.612175e+00  5.959035e+01  5.612175e+00
  1    0  odd        395  2.029376e-03  2.540741e-04  2.029376e-03
  2    1  even     11738  3.392449e-02  2.528982e-01  5.655823e+00
  3    1  odd        827  1.071245e-03  2.527607e-03  5.476427e+00
  4    2  even      4400  4.267145e-02  3.783544e-02  5.599528e+00
  5    2  odd        496  4.128469e-04  1.897504e-03  5.756651e+00
  7    3  odd        293  2.206573e-03  1.207546e-03  4.836206e+00
  9    4  odd        188  -5.709875e-04  8.610081e-04  6.156688e+00
 11    5  odd        126  -1.772054e-03  1.178099e-03  5.021017e+00
 12    6  even       123  5.316509e-03  9.773711e-04  5.697321e+00
 13    6  odd         87  -2.274584e-03  1.052338e-03  5.176780e+00
 14    7  even      1261  8.485871e-04  9.521679e-04  6.060610e+00
 15    7  odd        927  1.193016e-03  8.930693e-04  5.762055e+00
  0    0  even     83526  5.588651e+00  5.892935e+01  5.588651e+00
  1    0  odd        104  1.171164e-03  1.788534e-04  1.171164e-03
  2    1  even      3955  3.281611e-02  2.618484e-01  5.844831e+00
  3    1  odd        283  -8.490673e-04  2.237363e-03  5.845044e+00
  4    2  even      1483  4.586148e-02  4.105741e-02  6.035458e+00
  5    2  odd        177  -1.683888e-03  1.844006e-03  6.140298e+00
  7    3  odd         92  1.961762e-04  8.962360e-04  6.196833e+00
  9    4  odd         48  -3.446554e-04  9.123445e-04  5.293371e+00
 11    5  odd         60  1.725239e-03  8.297362e-04  7.059479e+00
 12    6  even        47  5.059425e-03  1.177498e-03  6.086665e+00
 13    6  odd         34  1.303646e-03  7.265443e-04  4.446379e+00
 14    7  even       499  3.216638e-03  1.044924e-03  6.161280e+00
 15    7  odd        278  -1.776034e-06  1.012749e-03  5.699119e+00
  0    0  even      4362  5.686709e+00  5.934909e+01  5.686709e+00
  2    1  even       341  7.164990e-02  1.934733e-01  5.525856e+00
  3    1  odd          4  -2.990929e-02  1.111298e-03  3.834412e+00
  4    2  even       127  1.919099e-02  3.912271e-02  6.261210e+00
  5    2  odd         11  -1.542466e-02  5.688358e-04  5.042292e+00
  9    4  odd          1  -7.638319e-02  0.000000e+00  1.284082e+01
 12    6  even         9  6.605360e-03  3.490463e-04  5.971300e+00
 14    7  even        26  -4.572942e-03  7.946482e-04  5.137583e+00
 15    7  odd         20  -7.492265e-03  8.280795e-04  4.696411e+00
  0    0  even       200  5.318788e+00  5.491782e+01  5.318788e+00
  1    0  odd        200  7.641722e-04  2.625897e-04  7.641722e-04
  2    1  even       200  6.243103e-02  2.407676e-01  5.780471e+00
  3    1  odd        200  -3.827461e-03  2.184365e-03  5.872297e+00
  4    2  even       200  4.042847e-02  3.410452e-02  5.192505e+00
  5    2  odd        200  -4.981587e-04  1.668183e-03  5.292974e+00
  0    0  even    874928  5.634798e+00  5.985203e+01  5.634798e+00
  1    0  odd       1154  1.327649e-03  2.777523e-04  1.327649e-03
  2    1  even     40774  4.105250e-02  2.534559e-01  5.667701e+00
  3    1  odd       2560  7.097636e-04  2.463004e-03  5.715832e+00
  4    2  even     15161  4.182493e-02  3.978694e-02  5.631989e+00
  5    2  odd       1506  -1.296003e-03  1.967150e-03  5.875034e+00
  0    0  even     76820  5.623208e+00  5.916570e+01  5.623208e+00
  1    0  odd         91  3.334428e-04  3.566357e-04  3.334428e-04
  2    1  even      2825  4.953631e-02  2.810119e-01  5.908273e+00
  3    1  odd        282  1.687024e-03  2.581689e-03  6.210233e+00
  4    2  even      1059  4.597509e-02  3.925842e-02  6.023825e+00
  5    2  odd        207  -2.502083e-03  1.573824e-03  5.223978e+00
  0    0  even     71576  5.589956e+00  5.881773e+01  5.589956e+00
  1    0  odd        124  -6.589606e-04  4.380433e-04  -6.589606e-04
  2    1  even      3481  3.886931e-02  2.299047e-01  5.676105e+00
  3    1  odd        239  3.812006e-03  2.959323e-03  6.646512e+00
  4    2  even      1305  4.788309e-02  3.635624e-02  5.648811e+00
  5    2  odd        124  2.654385e-03  1.476815e-03  4.108641e+00
  6    3  even      9397  2.662173e-02  7.419084e-03  5.779926e+00
  7    3  odd       1080  2.726872e-04  1.085616e-03  5.253959e+00
  0    0  even     39499  5.613954e+00  5.915461e+01  5.613954e+00
  1    0  odd         97  1.048799e-04  1.730230e-04  1.048799e-04
  2    1  even      1673  3.933904e-02  2.475685e-01  5.657177e+00
  3    1  odd        154  -3.925228e-03  2.274552e-03  4.748525e+00
  4    2  even       627  4.683937e-02  4.875302e-02  6.484743e+00
  5    2  odd         66  4.046290e-03  1.408178e-03  3.495737e+00
  7    3  odd         54  -1.561941e-03  7.674425e-04  3.443594e+00
  8    4  even      3648  1.574205e-02  2.395008e-03  5.857237e+00
  9    4  odd        601  -1.001433e-03  1.167802e-03  6.655433e+00
  9    4  odd        224  2.702367e-03  9.111773e-04  6.102203e+00
  0    0  even     44802  5.608309e+00  5.927751e+01  5.608309e+00
  1    0  odd         50  2.903268e-04  2.857736e-04  2.903268e-04
  2    1  even      2053  4.416091e-02  2.427358e-01  5.878857e+00
  3    1  odd        139  5.029705e-03  2.172803e-03  6.354974e+00
  4    2  even       769  3.764877e-02  4.208365e-02  5.728360e+00
  5    2  odd         81  -9.948451e-05  2.622077e-03  7.339289e+00
  7    3  odd         39  3.101053e-03  1.929707e-03  5.095781e+00
  9    4  odd         16  2.386510e-03  8.070877e-04  7.891754e+00
 10    5  even      1425  6.466300e-03  1.344544e-03  5.914117e+00
 11    5  odd        446  -2.164447e-03  1.023975e-03  5.615326e+00
  5    2  odd          9  -1.131669e-02  1.234492e-03  4.828518e+00
  7    3  odd         12  2.547764e-02  2.418632e-03  1.184011e+01
 11    5  odd        126  -3.636665e-03  1.258928e-03  6.585072e+00
  7    3  odd         11  1.101724e-02  8.697334e-04  7.571544e+00
 11    5  odd         15  1.188746e-03  1.030616e-03  5.092733e+00
  0    0  even     49971  5.646776e+00  5.975572e+01  5.646776e+00
  1    0  odd         78  5.801218e-03  4.246057e-04  5.801218e-03
  2    1  even      2264  4.647649e-02  2.223407e-01  5.482678e+00
  3    1  odd        154  2.202703e-03  2.350785e-03  5.427161e+00
  4    2  even       849  3.298170e-02  3.737513e-02  5.775126e+00
  5    2  odd        106  -2.341660e-03  2.369939e-03  6.013807e+00
  7    3  odd         57  5.537209e-03  1.609881e-03  6.965874e+00
  9    4  odd         36  -3.632086e-03  4.879766e-04  5.825928e+00
 11    5  odd         28  -1.038054e-02  3.812583e-04  3.571141e+00
 12    6  even       558  4.154985e-03  1.065765e-03  5.848486e+00
 13    6  odd        326  -2.388879e-05  1.068933e-03  5.795839e+00
  0    0  even     10951  5.572914e+00  5.961209e+01  5.572914e+00
  1    0  odd         39  8.430619e-04  2.396326e-04  8.430619e-04
  2    1  even       365  -8.113495e-04  2.413916e-01  5.664800e+00
  3    1  odd         31  -1.538859e-03  1.684089e-03  4.090423e+00
  4    2  even       137  3.558661e-02  3.191050e-02  4.617947e+00
  5    2  odd         35  -1.012355e-02  1.672150e-03  4.443331e+00
  7    3  odd         25  7.070349e-03  1.563708e-03  7.062451e+00
 12    6  even        60  8.917236e-03  1.039613e-03  4.935309e+00
 13    6  odd        112  1.282695e-03  8.188594e-04  5.865206e+00
  0    0  even     66535  5.601482e+00  5.916103e+01  5.601482e+00
  1    0  odd        100  1.132325e-03  2.059954e-04  1.132325e-03
  2    1  even      3048  5.176694e-02  2.351057e-01  5.464008e+00
  3    1  odd        209  -3.796099e-03  2.726352e-03  6.550400e+00
  4    2  even      1143  3.630422e-02  3.050660e-02  5.474919e+00
  5    2  odd        132  -3.743083e-03  1.323880e-03  5.321068e+00
  7    3  odd         78  -2.417934e-03  7.677909e-04  5.059198e+00
  9    4  odd         48  -7.035971e-03  1.023054e-03  6.734990e+00
 11    5  odd         32  -5.668662e-04  7.029356e-04  6.468712e+00
 12    6  even        35  8.492606e-03  6.346943e-04  4.502909e+00
 13    6  odd         11  4.982470e-03  7.094842e-04  7.252686e+00
 14    7  even       346  1.202710e-03  9.076122e-04  5.915289e+00
 15    7  odd        238  -6.791691e-04  8.445972e-04  5.315622e+00
  0    0  even     13593  5.553798e+00  5.780927e+01  5.553798e+00
  1    0  odd          7  -1.149593e-02  1.883239e-04  -1.149593e-02
  2    1  even       538  3.901531e-02  2.724163e-01  5.091850e+00
  3    1  odd         56  -1.088806e-02  2.363106e-03  5.249492e+00
  4    2  even       201  6.773384e-02  5.145141e-02  5.928614e+00
  5    2  odd          7  -1.891602e-02  7.852352e-04  4.925711e+00
  7    3  odd          3  4.562182e-02  6.336765e-04  9.789144e+00
  9    4  odd         11  1.655656e-02  1.210627e-03  6.728460e+00
 11    5  odd          2  -2.312180e-02  1.956585e-03  1.854785e+01
 13    6  odd          3  -1.523430e-02  4.641679e-04  6.460042e+00
 14    7  even        85  6.993911e-04  7.894847e-04  6.040876e+00
 15    7  odd         56  2.239591e-03  1.119944e-03  7.412983e+00
  0    0  even       871  5.625741e+00  5.880518e+01  5.625741e+00
  1    0  odd          2  0.000000e+00  0.000000e+00  0.000000e+00
  2    1  even        73  -1.546447e-02  2.013980e-01  3.760710e+00
  3    1  odd          4  -4.517519e-02  4.306332e-03  6.910858e+00
  4    2  even        28  8.918980e-02  3.851089e-02  7.552351e+00
  5    2  odd          1  0.000000e+00  0.000000e+00  0.000000e+00
  7    3  odd          3  1.098510e-02  2.212213e-03  1.442611e+01
  9    4  odd          3  -3.320227e-03  2.204782e-05  5.330526e+00
 11    5  odd          2  1.559958e-02  2.433468e-04  6.360962e+00
 12    6  even         1  0.000000e+00  0.000000e+00  0.000000e+00
 15    7  odd         10  -2.242873e-03  1.059984e-03  7.728271e+00
  0    0  even       200  5.589983e+00  5.833162e+01  5.589983e+00
  1    0  odd        200  2.387352e-03  3.369254e-04  2.387352e-03
  2    1  even       200  3.567566e-02  1.649783e-01  5.341931e+00
  3    1  odd        200  7.580345e-04  2.801061e-03  5.638963e+00
  4    2  even       200  2.764282e-02  3.314514e-02  5.850469e+00
  5    2  odd        200  -5.513693e-03  1.683139e-03  5.791151e+00
  0    0  even    226137  5.611997e+00  5.912878e+01  5.611997e+00
  1    0  odd        185  -9.775718e-05  2.920606e-04  -9.775718e-05
  2    1  even      8312  3.573343e-02  2.483019e-01  5.651296e+00
  3    1  odd        585  2.403230e-03  2.485641e-03  5.778064e+00
  4    2  even      2991  4.148321e-02  3.930318e-02  5.680524e+00
  5    2  odd        230  1.387745e-04  1.762789e-03  5.457607e+00
  0    0  even      8498  5.672746e+00  5.891521e+01  5.672746e+00
  2    1  even      2207  3.720136e-02  2.591982e-01  5.727864e+00
  4    2  even       828  4.401387e-02  3.645334e-02  5.299414e+00
  5    2  odd         20  -1.571820e-02  2.263533e-03  9.306622e+00
  0    0  even     17776  5.656993e+00  5.967471e+01  5.656993e+00
  1    0  odd         29  2.393763e-03  2.666104e-04  2.393763e-03
  2    1  even       874  6.597412e-02  2.987821e-01  5.930192e+00
  3    1  odd         48  1.499222e-02  3.780064e-03  5.025853e+00
  4    2  even       327  5.872403e-02  4.003634e-02  5.866139e+00
  5    2  odd         38  -1.294427e-03  1.324983e-03  3.898553e+00
  6    3  even      2304  2.569962e-02  7.521488e-03  6.105917e+00
  7    3  odd        259  -8.002273e-04  1.349549e-03  5.870227e+00
  3    1  odd          1  0.000000e+00  0.000000e+00  0.000000e+00
  7    3  odd         39  1.125839e-02  1.831808e-03  9.914138e+00
  7    3  odd          9  -1.447190e-02  1.853915e-03  8.256700e+00
  0    0  even     11938  5.591871e+00  5.879276e+01  5.591871e+00
  1    0  odd         17  2.790353e-03  2.264353e-04  2.790353e-03
  2    1  even       636  7.290995e-02  2.799825e-01  6.046902e+00
  3    1  odd         51  -8.532040e-03  2.471726e-03  5.113714e+00
  4    2  even       239  5.621312e-02  5.060399e-02  5.412548e+00
  5    2  odd         18  6.611145e-03  1.210336e-03  7.649007e+00
  7    3  odd         21  6.477652e-03  1.358832e-03  4.614316e+00
  8    4  even       912  1.544885e-02  2.377107e-03  5.846239e+00
  9    4  odd        174  1.355399e-03  1.025129e-03  5.335309e+00
  9    4  odd         19  -9.837862e-03  5.761329e-04  4.752731e+00
  0    0  even     10317  5.605459e+00  5.961607e+01  5.605459e+00
  1    0  odd         15  -4.896021e-03  2.037117e-04  -4.896021e-03
  2    1  even       516  3.156606e-02  2.493696e-01  5.766863e+00
  3    1  odd         34  9.488697e-03  3.046750e-03  8.051740e+00
  4    2  even       193  3.603794e-02  3.109580e-02  5.579059e+00
  5    2  odd         18  8.980216e-03  2.766320e-03  7.186632e+00
  7    3  odd         12  7.509191e-03  4.586645e-04  3.234975e+00
  9    4  odd          7  1.333115e-02  1.191174e-03  3.906599e+00
 10    5  even       356  7.514525e-03  1.124872e-03  5.403369e+00
 11    5  odd        106  -2.754392e-03  9.371475e-04  5.265095e+00
  5    2  odd          4  3.754197e-02  1.327366e-03  9.036133e+00
 11    5  odd         31  -1.793847e-03  7.405857e-04  4.980229e+00
  0    0  even     11597  5.661018e+00  5.924338e+01  5.661018e+00
  1    0  odd         17  -5.266105e-04  2.593422e-04  -5.266105e-04
  2    1  even       530  2.164537e-02  2.591949e-01  5.526604e+00
  3    1  odd         41  5.044352e-04  2.166516e-03  4.360021e+00
  4    2  even       199  3.076908e-02  3.562360e-02  5.853989e+00
  5    2  odd         26  -8.753211e-03  2.622789e-03  6.944012e+00
  7    3  odd         10  -7.500089e-03  5.119521e-04  8.150354e+00
  9    4  odd          9  1.224670e-02  8.624751e-04  4.333116e+00
 11    5  odd          3  3.859315e-02  2.244030e-03  1.076013e+01
 12    6  even       139  6.842963e-03  9.701792e-04  4.980910e+00
 13    6  odd         74  4.448973e-03  7.479157e-04  6.106298e+00
  0    0  even      1944  5.505113e+00  5.896702e+01  5.505113e+00
  1    0  odd          1  5.054474e-04  0.000000e+00  5.054474e-04
  2    1  even        96  -1.244863e-03  3.676178e-01  5.788920e+00
  3    1  odd          3  0.000000e+00  0.000000e+00  0.000000e+00
  4    2  even        36  5.615573e-02  3.730235e-02  6.995958e+00
  5    2  odd         10  2.374224e-03  1.859011e-04  2.948633e+00
  9    4  odd          2  -3.012510e-02  2.105835e-08  2.499799e+01
 11    5  odd          6  1.341574e-02  8.573596e-04  4.290181e+00
 12    6  even         7  0.000000e+00  0.000000e+00  3.506696e+00
 13    6  odd         17  -7.464785e-03  6.863572e-04  7.479988e+00
  2    1  even        20  -7.728882e-02  7.531277e-02  5.880121e+00
  4    2  even         7  -1.104213e-01  1.428376e-01  4.152902e+00
 13    6  odd          1  0.000000e+00  0.000000e+00  0.000000e+00
  0    0  even     14946  5.620247e+00  5.954321e+01  5.620247e+00
  1    0  odd         24  3.515455e-03  3.763668e-04  3.515455e-03
  2    1  even       689  7.152116e-02  2.757265e-01  5.712794e+00
  3    1  odd         48  2.066847e-03  2.959987e-03  5.549741e+00
  4    2  even       258  3.525987e-02  3.995507e-02  5.290358e+00
  5    2  odd         25  -4.163342e-03  5.358244e-04  3.167402e+00
  7    3  odd         18  8.426324e-03  8.534985e-04  3.190389e+00
  9    4  odd         10  1.370252e-02  2.620802e-04  6.961389e+00
 11    5  odd          7  -1.882238e-03  1.164894e-03  7.116804e+00
 12    6  even         5  0.000000e+00  1.413637e-03  4.768750e+00
 13    6  odd          4  4.535816e-04  1.393335e-05  3.195343e+00
 14    7  even        80  1.486206e-03  1.323076e-03  5.943904e+00
 15    7  odd         51  -2.022869e-03  8.531120e-04  4.075119e+00
  0    0  even      7490  5.590986e+00  5.888100e+01  5.590986e+00
  1    0  odd         15  3.194197e-03  3.582163e-04  3.194197e-03
  2    1  even       375  4.994434e-02  2.354503e-01  5.088537e+00
  3    1  odd         28  -6.218651e-04  4.631865e-03  6.144400e+00
  4    2  even       141  4.005118e-02  3.216467e-02  5.341077e+00
  5    2  odd          5  -3.814453e-03  2.792147e-03  8.631885e+00
  7    3  odd          6  -2.924114e-03  2.654938e-03  9.452271e+00
  9    4  odd          3  -5.082532e-03  5.166427e-05  2.041056e+00
 11    5  odd          5  -3.735341e-03  3.408886e-04  5.302783e+00
 12    6  even         5  -1.188965e-02  5.654550e-04  8.240820e+00
 14    7  even        50  1.188965e-03  7.760869e-04  6.254219e+00
 15    7  odd         23  -4.013767e-03  7.395010e-04  7.642976e+00
  0    0  even       200  5.741311e+00  6.446966e+01  5.741311e+00
  1    0  odd        200  1.289456e-03  2.503508e-04  1.289456e-03
  2    1  even       200  -1.483154e-03  2.278732e-01  5.090775e+00
  3    1  odd        200  -3.970829e-03  2.572102e-03  6.344614e+00
  4    2  even       200  2.943054e-02  3.043303e-02  5.685647e+00
  5    2  odd        200  -9.500214e-04  1.534309e-03  5.670768e+00
  0    0  even     40247  5.621632e+00  5.860572e+01  5.621632e+00
  2    1  even      1501  4.464154e-02  2.952014e-01  5.982578e+00
  4    2  even       438  3.216636e-02  3.693101e-02  5.079846e+00
  2    1  even       164  -1.016533e-02  2.006081e-01  5.370742e+00
  4    2  even        61  6.822730e-02  3.428847e-02  4.864912e+00
  0    0  even        41  5.568913e+00  7.128432e+01  5.568913e+00
  2    1  even       114  4.902408e-02  3.003586e-01  5.970230e+00
  4    2  even        43  2.073492e-02  5.602156e-02  6.067587e+00
  6    3  even       394  3.183742e-02  7.301918e-03  6.778674e+00
  7    3  odd         39  -4.207270e-03  1.272804e-03  6.801489e+00
  7    3  odd          8  1.506707e-02  2.149669e-03  5.640152e+00
  7    3  odd          4  -1.795369e-02  1.073461e-03  5.008514e+00
  0    0  even      1945  5.491610e+00  5.461707e+01  5.491610e+00
  2    1  even        99  1.561020e-02  1.421316e-01  6.325028e+00
  4    2  even        37  1.767710e-02  8.763506e-03  5.170931e+00
  7    3  odd          3  -3.262043e-02  2.528108e-03  4.280273e+00
  8    4  even       155  1.380733e-02  2.089418e-03  5.746708e+00
  9    4  odd         29  2.383023e-03  5.020998e-04  3.370100e+00
  0    0  even       200  5.479744e+00  4.854352e+01  5.479744e+00
  1    0  odd        200  -8.565439e-04  2.695401e-04  -8.565439e-04
  2    1  even       200  9.245117e-02  3.881821e-01  6.821646e+00
  3    1  odd        200  -6.836154e-04  2.953404e-03  6.582109e+00
  4    2  even       200  2.972656e-02  3.435807e-02  5.777574e+00
  5    2  odd        200  -3.533229e-03  1.711763e-03  5.648177e+00
  0    0  even      7936  5.690991e+00  6.121040e+01  5.690991e+00
  2    1  even       315  6.115141e-02  3.764594e-01  5.832110e+00
  0    0  even      1833  5.819432e+00  5.952206e+01  5.819432e+00
  2    1  even        43  1.243414e-02  8.030867e-02  3.598556e+00
  4    2  even        10  1.189209e-01  1.909282e-02  5.289966e+00
  0    0  even       742  5.638112e+00  5.997824e+01  5.638112e+00
  2    1  even        25  -4.746094e-03  6.754818e-02  4.556328e+00
  4    2  even         9  6.605360e-03  1.055865e-02  1.551771e+00
  6    3  even       116  4.151338e-02  1.134794e-02  4.952108e+00
  7    3  odd         11  6.285464e-03  1.475016e-03  6.560924e+00
  7    3  odd          2  -1.170680e-02  1.770764e-04  1.456482e+01
  0    0  even       450  6.076538e+00  7.082024e+01  6.076538e+00
  2    1  even        14  1.061925e-01  9.205213e-02  3.668527e+00
  4    2  even         5  4.755859e-02  3.392730e-03  2.556836e+00
  7    3  odd          1  0.000000e+00  0.000000e+00  0.000000e+00
  8    4  even        45  1.056858e-02  2.244368e-03  4.616493e+00
  9    4  odd          7  1.397290e-02  7.965521e-04  6.301514e+00
  9    4  odd          1  0.000000e+00  0.000000e+00  0.000000e+00
