
**********************************************************
*** MLMC file version 1.0     produced by              ***
*** C++ mlmc_test on Fri Jul 31 03:39:57 2026          ***
**********************************************************

**********************************************************
*** Convergence tests, kurtosis, telescoping sum check ***
*** using N =  20000 samples                           ***
**********************************************************

 l   ave(Pf-Pc)    ave(Pf)   var(Pf-Pc)    var(Pf)    kurtosis     check        cost 
---------------------------------------------------------------------------------------
 0   1.7743e+01  1.7743e+01  1.8665e+02  1.8665e+02  5.1419e+00  0.0000e+00  1.0000e+00 
 1   3.1417e-03  3.1417e-03  9.8916e-04  9.8916e-04  3.3409e+00  0.0000e+00  2.0000e+00 
 2  -1.1604e-01  1.7430e+01  1.3898e+00  1.9454e+02  9.3561e+00  0.0000e+00  2.0000e+00 
 3   1.3443e-03  1.7400e+01  2.1123e-03  1.9523e+02  3.2566e+00  1.8925e+01  4.0000e+00 
 4  -1.3806e-01  1.7397e+01  4.9396e-01  2.0358e+02  8.4443e+00  0.0000e+00  4.0000e+00 
 5   2.1806e-04  1.7467e+01  2.3813e-03  2.0595e+02  3.2789e+00  1.4141e-01  8.0000e+00 
 6  -9.0015e-02  1.7312e+01  1.4906e-01  2.0793e+02  9.2146e+00  0.0000e+00  8.0000e+00 
 7  -3.1250e-05  1.7233e+01  2.4545e-03  2.0710e+02  3.1644e+00  1.8661e-01  1.6000e+01 
 8  -5.2540e-02  1.7251e+01  4.1922e-02  2.0942e+02  7.7397e+00  0.0000e+00  1.6000e+01 
 9   3.2557e-04  1.7145e+01  2.5147e-03  2.0612e+02  3.1557e+00  7.8609e-02  3.2000e+01 
10  -2.7798e-02  1.7251e+01  1.2807e-02  2.1033e+02  9.5860e+00  0.0000e+00  3.2000e+01 
11   9.0976e-04  1.7229e+01  2.4483e-03  2.1191e+02  3.1210e+00  9.0389e-02  6.4000e+01 
12  -1.3993e-02  1.7149e+01  4.7819e-03  2.1160e+02  5.5578e+00  0.0000e+00  6.4000e+01 
13   4.9932e-04  1.7295e+01  2.1185e-03  2.1546e+02  3.5080e+00  1.8358e-02  1.2800e+02 
14  -6.9346e-03  1.7200e+01  2.3185e-03  2.1085e+02  4.6746e+00  0.0000e+00  1.2800e+02 
15  -6.0947e-05  1.7233e+01  1.7085e-03  2.1177e+02  4.2887e+00  3.6728e-03  2.5600e+02 
16  -3.7185e-03  1.7354e+01  1.6736e-03  2.2045e+02  5.4700e+00  0.0000e+00  2.5600e+02 
17  -1.1137e-04  1.7190e+01  1.4783e-03  2.1204e+02  5.2867e+00  9.2740e-02  5.1200e+02 
18  -1.9350e-03  1.7216e+01  1.3566e-03  2.1221e+02  5.8193e+00  0.0000e+00  5.1200e+02 
19  -1.5900e-04  1.7238e+01  1.2975e-03  2.1729e+02  5.8793e+00  7.0779e-02  1.0240e+03 
20  -1.7032e-03  1.7222e+01  1.2387e-03  2.1270e+02  6.4042e+00  0.0000e+00  1.0240e+03 
21   1.4737e-04  1.7311e+01  1.2200e-03  2.1369e+02  6.3722e+00  6.5266e-02  2.0480e+03 

 WARNING: maximum consistency error = 18.925285 
 indicates identity E[Pf-Pc] = E[Pf] - E[Pc] not satisfied 

******************************************************
*** Linear regression estimates of MLMC parameters ***
******************************************************

 alpha = 0.791825  (exponent for MLMC weak convergence)
 beta  = 1.194416  (exponent for MLMC variance) 
 gamma = 1.000000  (exponent for MLMC cost) 

***************************** 
*** MLMC complexity tests *** 
***************************** 

  eps       value   mlmc_cost   std_cost  savings     N_l 
--------------------------------------------------------- 
0.0050  1.7215e+01  3.633e+07  1.159e+10   319.01  18901718    30865  1167606    32206   487859    23851   189691    17143    72067    12386    27821     8609    12034     5639     5925     3563     3522     2345     2349     1474
0.0100  1.7233e+01  9.115e+06  2.897e+09   317.85   4737163     7891   292096     7970   121665     5978    47091     4355    17850     3071     6875     2216     2901     1389     1536      877      887      590      585      397
0.0200  1.7229e+01  1.991e+06  3.762e+08   188.95   1106212     1788    68230     1875    28498     1433    11167     1013     4158      722     1621      508      733      345      356      201      208      178
0.0500  1.7274e+01  2.489e+05  1.445e+07    58.03    155974      240     9900      246     4117      200     1666      144      670      100      266       69      108       33
0.1000  1.7290e+01  5.846e+04  1.795e+06    30.70     36846      200     2363      200      933      200      392       36      171       25       65       16

