
**********************************************************
*** MLMC file version 1.0     produced by              ***
*** C++ mlmc_test on Fri Jul 31 03:40:33 2026          ***
**********************************************************

**********************************************************
*** Convergence tests, kurtosis, telescoping sum check ***
*** using N =  20000 samples                           ***
**********************************************************

 l   ave(Pf-Pc)    ave(Pf)   var(Pf-Pc)    var(Pf)    kurtosis     check        cost 
---------------------------------------------------------------------------------------
 0   1.7743e+01  1.7743e+01  1.8665e+02  1.8665e+02  5.1419e+00  0.0000e+00  1.0000e+00 
 1   3.1417e-03  3.1417e-03  9.8916e-04  9.8916e-04  3.3409e+00  0.0000e+00  2.0000e+00 
 2  -1.1604e-01  1.7430e+01  1.3898e+00  1.9454e+02  9.3561e+00  0.0000e+00  2.0000e+00 
 3   1.3443e-03  1.7400e+01  2.1123e-03  1.9523e+02  3.2566e+00  1.8925e+01  4.0000e+00 
 4  -1.3806e-01  1.7397e+01  4.9396e-01  2.0358e+02  8.4443e+00  0.0000e+00  4.0000e+00 
 5   2.1806e-04  1.7467e+01  2.3813e-03  2.0595e+02  3.2789e+00  1.4141e-01  8.0000e+00 
 6  -9.0015e-02  1.7312e+01  1.4906e-01  2.0793e+02  9.2146e+00  0.0000e+00  8.0000e+00 
 7  -3.1250e-05  1.7233e+01  2.4545e-03  2.0710e+02  3.1644e+00  1.8661e-01  1.6000e+01 
 8  -5.2540e-02  1.7251e+01  4.1922e-02  2.0942e+02  7.7397e+00  0.0000e+00  1.6000e+01 
 9   3.2557e-04  1.7145e+01  2.5147e-03  2.0612e+02  3.1557e+00  7.8609e-02  3.2000e+01 
10  -2.8016e-02  1.7256e+01  1.0539e-02  2.1048e+02  1.2323e+01  0.0000e+00  6.4000e+01 
11   1.5001e-03  1.7373e+01  2.0722e-02  2.1486e+02  5.6279e+00  2.1000e-01  6.4000e+01 
12  -1.3925e-02  1.7173e+01  2.6038e-03  2.1354e+02  7.7593e+00  0.0000e+00  1.2800e+02 
13  -7.8741e-04  1.7067e+01  5.2389e-03  2.0670e+02  5.7409e+00  3.0304e-01  1.2800e+02 
14  -6.8873e-03  1.7340e+01  6.5742e-04  2.1254e+02  7.8847e+00  0.0000e+00  2.5600e+02 
15   3.6929e-04  1.7223e+01  1.3405e-03  2.1390e+02  5.5086e+00  2.6673e-01  2.5600e+02 
16  -3.6178e-03  1.7275e+01  1.6821e-04  2.1289e+02  7.4719e+00  0.0000e+00  5.1200e+02 
17   1.9887e-04  1.7244e+01  3.2788e-04  2.1355e+02  5.4758e+00  3.2256e-02  5.1200e+02 
18  -1.6727e-03  1.7250e+01  4.1530e-05  2.1731e+02  7.7670e+00  0.0000e+00  1.0240e+03 
19   6.4298e-05  1.7141e+01  8.3432e-05  2.1284e+02  5.2563e+00  1.0204e-01  1.0240e+03 
20  -8.2707e-04  1.7291e+01  1.0104e-05  2.1276e+02  7.0358e+00  0.0000e+00  2.0480e+03 
21   1.1475e-05  1.7316e+01  2.1504e-05  2.1406e+02  5.2027e+00  1.7411e-01  2.0480e+03 

 WARNING: maximum consistency error = 18.925285 
 indicates identity E[Pf-Pc] = E[Pf] - E[Pc] not satisfied 

******************************************************
*** Linear regression estimates of MLMC parameters ***
******************************************************

 alpha = 0.859078  (exponent for MLMC weak convergence)
 beta  = 1.923331  (exponent for MLMC variance) 
 gamma = 1.145455  (exponent for MLMC cost) 

***************************** 
*** MLMC complexity tests *** 
***************************** 

  eps       value   mlmc_cost   std_cost  savings     N_l 
--------------------------------------------------------- 
0.0050  1.7222e+01  3.342e+07  1.187e+10   355.13  18076540    29539  1113980    30807   468026    22698   181715    16402    68844    11711    20187    23692     6194     8478     2233     3055      766     1014      297      420
0.0100  1.7221e+01  8.055e+06  1.453e+09   180.42   4432843     7295   274237     7532   114332     5546    45182     4052    17078     2894     5082     5813     1495     2059      505      780      226      271
0.0200  1.7201e+01  1.883e+06  1.814e+08    96.32   1071476     1781    66275     1818    27798     1398    10670      988     4030      671     1229     1385      359      474      142      189
0.0500  1.7233e+01  2.868e+05  1.458e+07    50.83    166648      285    10452      262     4241      217     1662      149      634      120      198      232       69      101
0.1000  1.7294e+01  5.063e+04  8.935e+05    17.65     34538      200     2027      200      885      200      352       30      128       11

