# l  k  parity   N   mean(Y)       var(Y)        mean(Pf)
  0    0  even     20000  6.201088e+00  7.642582e+01  6.201088e+00
  1    0  odd      20000  7.516048e-03  5.271164e-04  6.120375e+00
  2    1  even     20000  2.924676e-02  7.426779e-01  6.273500e+00
  3    1  odd      20000  3.170844e-03  2.642978e-03  6.132108e+00
  4    2  even     20000  4.466805e-02  1.259666e-01  6.344878e+00
  5    2  odd      20000  1.162891e-03  2.056269e-03  6.276798e+00
  6    3  even     20000  2.530241e-02  2.250630e-02  6.173971e+00
  7    3  odd      20000  1.118107e-03  1.348724e-03  6.200186e+00
  8    4  even     20000  1.552212e-02  5.677181e-03  6.349603e+00
  9    4  odd      20000  6.119501e-04  1.119703e-03  6.263070e+00
 10    5  even     20000  8.061188e-03  2.129347e-03  6.342332e+00
 11    5  odd      20000  1.199382e-04  9.716917e-04  6.223320e+00
 12    6  even     20000  4.372418e-03  1.205622e-03  6.230251e+00
 13    6  odd      20000  2.611421e-04  9.346841e-04  6.183960e+00
 14    7  even     20000  1.887482e-03  9.730842e-04  6.192940e+00
 15    7  odd      20000  2.015012e-04  9.477235e-04  6.280726e+00
 16    8  even     20000  1.619965e-03  9.595327e-04  6.329028e+00
 17    8  odd      20000  -5.324347e-04  9.377943e-04  6.276199e+00
 18    9  even     20000  -1.762640e-03  8.993239e-04  6.375724e+00
 19    9  odd      20000  2.511632e-03  8.989587e-04  6.248807e+00
 20   10  even     20000  -2.241199e-03  7.187594e-04  6.235248e+00
 21   10  odd      20000  2.352754e-03  7.257322e-04  6.313158e+00
  0    0  even       200  6.781940e+00  8.943459e+01  6.781940e+00
  1    0  odd        200  9.290221e-03  4.623129e-04  7.033525e+00
  2    1  even       200  -6.924316e-02  8.013003e-01  7.047921e+00
  3    1  odd        200  2.873896e-03  2.438931e-03  7.276546e+00
  4    2  even       200  2.020996e-02  1.002043e-01  6.421591e+00
  5    2  odd        200  -3.180006e-03  1.737469e-03  5.888419e+00
  0    0  even    1494445  6.119010e+00  7.500465e+01  6.119010e+00
  1    0  odd       2203  7.049132e-03  5.406123e-04  6.049035e+00
  2    1  even     99839  3.527605e-02  7.420936e-01  6.165494e+00
  3    1  odd       3703  4.157757e-03  2.785542e-03  6.343052e+00
  4    2  even     34709  3.697815e-02  1.213243e-01  6.211278e+00
  5    2  odd       2130  2.391680e-03  2.029928e-03  6.310058e+00
  1    0  odd        204  6.307345e-03  6.636561e-04  5.545237e+00
  3    1  odd        292  3.988437e-03  2.960181e-03  5.490696e+00
  5    2  odd        196  4.092227e-04  1.702236e-03  6.604569e+00
  6    3  even     16727  2.584992e-02  2.373091e-02  6.183849e+00
  7    3  odd       1247  1.200163e-04  1.382945e-03  6.458665e+00
  7    3  odd        208  4.838842e-03  1.432008e-03  5.371321e+00
  1    0  odd        137  6.076483e-03  3.855147e-04  5.682642e+00
  2    1  even      1246  2.439016e-02  7.954339e-01  6.163486e+00
  3    1  odd        190  5.877198e-03  2.445887e-03  6.157967e+00
  4    2  even       435  4.784174e-02  1.086055e-01  5.694776e+00
  5    2  odd         93  -2.867884e-03  1.655801e-03  6.725028e+00
  7    3  odd         97  6.202676e-03  1.619801e-03  6.420903e+00
  8    4  even      6087  1.566573e-02  6.093955e-03  6.227125e+00
  9    4  odd        766  5.545111e-04  1.052626e-03  5.931394e+00
  9    4  odd        178  -2.352508e-03  1.003262e-03  5.245776e+00
  1    0  odd         80  1.077828e-02  3.975373e-04  6.065205e+00
  2    1  even      3740  5.501552e-03  6.915114e-01  6.132703e+00
  3    1  odd        148  1.007245e-03  2.658223e-03  6.336736e+00
  4    2  even      1305  4.273200e-02  1.563109e-01  6.387583e+00
  5    2  odd         88  6.855679e-03  2.464588e-03  7.427125e+00
  7    3  odd         65  -2.125274e-03  1.636977e-03  4.400048e+00
  9    4  odd         41  -1.050362e-03  6.893225e-04  4.307214e+00
 10    5  even      2203  7.555837e-03  2.070103e-03  6.124838e+00
 11    5  odd        486  -8.180297e-04  8.885610e-04  5.884252e+00
 11    5  odd        153  -6.923849e-04  1.451135e-03  7.401959e+00
  5    2  odd          1  0.000000e+00  0.000000e+00  0.000000e+00
 11    5  odd         48  5.849689e-04  1.308548e-03  5.456712e+00
 11    5  odd          7  1.685768e-02  4.910972e-04  6.607318e+00
  0    0  even     54727  6.118845e+00  7.488684e+01  6.118845e+00
  1    0  odd         97  5.619249e-03  4.849827e-04  6.086868e+00
  2    1  even      3875  2.158884e-02  8.258707e-01  6.319841e+00
  3    1  odd        170  8.051340e-04  2.587120e-03  8.355828e+00
  4    2  even      1352  5.786422e-02  1.404477e-01  6.402888e+00
  5    2  odd        113  7.667688e-04  1.584805e-03  6.316326e+00
  7    3  odd         68  -3.532173e-03  1.434190e-03  5.096451e+00
  9    4  odd         30  -2.201384e-04  4.859369e-04  5.381337e+00
 11    5  odd         28  3.502427e-03  1.276290e-03  7.752441e+00
 12    6  even       797  5.146711e-03  1.228403e-03  6.308028e+00
 13    6  odd        357  -3.088115e-04  1.152652e-03  6.726301e+00
  0    0  even     15025  6.167950e+00  7.570705e+01  6.167950e+00
  1    0  odd         25  1.542526e-02  4.970802e-04  1.044090e+01
  2    1  even      1283  5.365452e-02  8.469747e-01  6.137449e+00
  3    1  odd         40  6.911493e-03  3.828255e-03  5.444481e+00
  4    2  even       448  3.065572e-02  1.045856e-01  6.548455e+00
  5    2  odd         16  6.394591e-03  1.467915e-03  7.262550e+00
  7    3  odd         17  9.193298e-03  2.327338e-03  8.479341e+00
  9    4  odd          2  -1.370905e-02  6.363708e-04  9.603965e+00
 11    5  odd         10  8.258087e-03  1.551723e-03  5.050836e+00
 13    6  odd        186  5.737329e-03  1.508714e-03  7.406773e+00
  0    0  even      3047  6.140343e+00  7.378394e+01  6.140343e+00
  1    0  odd          6  8.778920e-03  5.855261e-04  2.010324e+00
  2    1  even       299  6.937472e-02  8.131286e-01  6.820497e+00
  3    1  odd         17  -4.476044e-03  3.696286e-03  9.310192e+00
  4    2  even       104  1.542546e-02  9.649936e-02  6.429875e+00
  5    2  odd          4  1.649585e-02  3.806339e-04  2.886337e+00
  7    3  odd          9  -3.523843e-04  4.309840e-04  5.038727e+00
  9    4  odd          2  3.404039e-02  1.158748e-03  1.034507e+00
 11    5  odd          4  3.084899e-02  5.774289e-04  4.715936e+00
 13    6  odd         30  -2.651335e-04  9.777991e-04  4.809310e+00
  0    0  even     77607  6.161399e+00  7.565633e+01  6.161399e+00
  1    0  odd        147  8.498501e-03  4.838982e-04  5.480494e+00
  2    1  even      5487  1.999949e-02  7.229131e-01  6.167392e+00
  3    1  odd        239  6.532334e-03  3.260676e-03  6.890003e+00
  4    2  even      1914  2.438472e-02  1.267761e-01  6.170921e+00
  5    2  odd        139  2.888929e-03  2.939515e-03  6.936522e+00
  7    3  odd         82  3.007622e-03  1.062486e-03  6.021015e+00
  9    4  odd         52  7.990990e-03  1.800132e-03  7.136288e+00
 11    5  odd         38  4.682680e-03  9.457333e-04  6.425317e+00
 12    6  even        36  0.000000e+00  5.890156e-04  3.790256e+00
 13    6  odd         25  2.866926e-03  7.488686e-04  7.375824e+00
 14    7  even       411  4.917859e-03  1.024864e-03  6.227997e+00
 15    7  odd        295  8.002962e-04  9.382065e-04  6.434497e+00
  0    0  even     20542  6.049695e+00  7.283373e+01  6.049695e+00
  1    0  odd         31  1.262326e-02  8.079170e-04  5.215618e+00
  2    1  even      1340  3.841981e-02  8.450490e-01  6.155952e+00
  3    1  odd         83  -4.643012e-03  2.808477e-03  6.050192e+00
  4    2  even       468  3.061852e-02  1.184452e-01  5.820884e+00
  5    2  odd         71  5.196435e-03  1.893925e-03  5.969998e+00
  7    3  odd         11  1.198114e-03  5.368339e-04  5.309819e+00
  9    4  odd         35  2.357587e-03  8.230272e-04  8.678717e+00
 11    5  odd          8  4.919546e-03  2.054696e-04  6.884740e+00
 12    6  even         1  0.000000e+00  0.000000e+00  0.000000e+00
 13    6  odd          2  4.873280e-03  2.374886e-05  7.027607e+00
 14    7  even       134  4.436436e-04  1.028383e-03  7.353425e+00
 15    7  odd         74  -5.674232e-03  7.645727e-04  5.230327e+00
  0    0  even     95128  6.164401e+00  7.638098e+01  6.164401e+00
  1    0  odd        189  7.480285e-03  4.878319e-04  6.198021e+00
  2    1  even      6818  1.774019e-02  7.411555e-01  6.162501e+00
  3    1  odd        293  1.889622e-03  2.342317e-03  5.704382e+00
  4    2  even      2379  4.543042e-02  1.413930e-01  6.395099e+00
  5    2  odd        173  4.276439e-03  1.511488e-03  5.910883e+00
  7    3  odd        100  3.857402e-03  1.261461e-03  5.221219e+00
  9    4  odd         59  -2.071776e-03  1.105503e-03  6.639540e+00
 11    5  odd         41  3.307030e-03  5.224121e-04  6.413798e+00
 12    6  even        47  6.324281e-03  7.871317e-04  8.650308e+00
 13    6  odd         34  -9.730338e-03  6.955356e-04  9.462211e+00
 14    7  even        32  3.715515e-03  6.488375e-04  4.341461e+00
 15    7  odd         15  1.406756e-02  5.844806e-04  6.966668e+00
 16    8  even       285  4.171806e-03  9.498216e-04  5.525469e+00
 17    8  odd        190  -4.976983e-05  7.832231e-04  5.949021e+00
  0    0  even     33170  6.077316e+00  7.383580e+01  6.077316e+00
  1    0  odd         53  7.433534e-03  5.134407e-04  6.442815e+00
  2    1  even      2256  2.084811e-02  6.892758e-01  6.389482e+00
  3    1  odd         74  9.987524e-03  3.601637e-03  5.928379e+00
  4    2  even       788  2.474418e-02  1.086713e-01  6.757221e+00
  5    2  odd         37  1.215559e-02  1.685837e-03  7.237556e+00
  7    3  odd         30  -1.527178e-03  1.625093e-03  5.192527e+00
  9    4  odd         23  -3.588895e-03  5.254812e-04  5.675893e+00
 11    5  odd          5  -1.322426e-02  3.294847e-04  2.824676e+00
 12    6  even         8  0.000000e+00  8.835234e-04  4.443115e+00
 13    6  odd          5  -6.564958e-03  1.723947e-04  3.102443e+00
 14    7  even         5  1.188965e-02  5.654550e-04  3.316602e+00
 15    7  odd          6  4.074977e-03  7.474688e-04  3.139809e+00
 16    8  even       114  3.128855e-03  4.862234e-04  4.987988e+00
 17    8  odd         67  4.014589e-03  7.969751e-04  5.883416e+00
  0    0  even    119765  6.123743e+00  7.546035e+01  6.123743e+00
  1    0  odd        224  7.537165e-03  5.718226e-04  6.118602e+00
  2    1  even      8368  1.422202e-02  7.269231e-01  6.122637e+00
  3    1  odd        377  1.067786e-03  2.388906e-03  5.839547e+00
  4    2  even      2920  3.265653e-02  1.222994e-01  6.120298e+00
  5    2  odd        216  1.626208e-03  1.860706e-03  5.695132e+00
  7    3  odd        132  4.168387e-03  1.309309e-03  6.205636e+00
  9    4  odd         73  1.440524e-04  7.307316e-04  5.405062e+00
 11    5  odd         54  -4.230605e-03  7.431919e-04  5.459544e+00
 12    6  even        58  -2.049939e-03  8.488548e-04  6.832789e+00
 13    6  odd         41  -4.072233e-03  5.424006e-04  5.370640e+00
 14    7  even        37  0.000000e+00  5.730962e-04  3.902129e+00
 15    7  odd         25  -1.252756e-02  7.048120e-04  7.746335e+00
 17    8  odd         18  -2.430794e-03  8.846415e-04  6.327144e+00
 18    9  even       195  -4.572942e-03  9.033896e-04  5.708243e+00
 19    9  odd        136  -2.564070e-04  8.517915e-04  5.515933e+00
  0    0  even     60223  6.134484e+00  7.483869e+01  6.134484e+00
  1    0  odd        122  6.221771e-03  5.744454e-04  6.118066e+00
  2    1  even      4119  2.635637e-02  7.769611e-01  6.234932e+00
  3    1  odd        156  1.311012e-03  3.102150e-03  6.858633e+00
  4    2  even      1437  3.760692e-02  1.183114e-01  6.394266e+00
  5    2  odd        102  1.994122e-03  1.133673e-03  5.614429e+00
  6    3  even       183  2.891732e-02  2.348583e-02  6.020412e+00
  7    3  odd         61  1.058627e-02  1.602020e-03  5.526800e+00
  9    4  odd         29  9.712278e-04  1.110767e-03  6.430886e+00
 11    5  odd         20  -2.403619e-03  1.678471e-03  9.575201e+00
 12    6  even        23  1.550824e-02  1.603369e-03  7.082456e+00
 13    6  odd         10  7.107804e-03  2.924081e-04  5.024524e+00
 14    7  even        12  -4.954020e-03  8.589811e-04  7.242839e+00
 15    7  odd         13  1.556748e-02  1.558971e-03  8.110417e+00
 16    8  even         9  -1.321072e-02  6.108310e-04  4.122179e+00
 17    8  odd         10  -2.987832e-03  1.029257e-03  9.473007e+00
 18    9  even       108  1.100893e-03  7.841421e-04  5.020698e+00
 19    9  odd         72  2.774609e-03  7.283899e-04  5.003588e+00
  3    1  odd          2  -1.362922e-02  1.857555e-04  6.688190e+00
  7    3  odd          3  0.000000e+00  0.000000e+00  0.000000e+00
 11    5  odd          6  -6.765018e-03  3.950793e-04  4.748205e+00
 12    6  even         4  1.486206e-02  6.626425e-04  9.005859e+00
 15    7  odd          6  2.123366e-02  9.033970e-04  1.552011e+00
 17    8  odd          1  0.000000e+00  0.000000e+00  0.000000e+00
  0    0  even    177328  6.121222e+00  7.527243e+01  6.121222e+00
  1    0  odd        340  7.888498e-03  5.529937e-04  5.587444e+00
  2    1  even     12585  2.572918e-02  7.329072e-01  6.056157e+00
  3    1  odd        545  1.183913e-03  2.588834e-03  6.248216e+00
  4    2  even      4391  3.331852e-02  1.156485e-01  6.306924e+00
  5    2  odd        298  -2.376427e-03  2.406543e-03  6.573613e+00
  6    3  even      1532  3.131709e-02  2.574753e-02  6.339747e+00
  7    3  odd        193  1.622178e-04  1.492849e-03  6.475869e+00
  8    4  even       349  1.499016e-02  6.600824e-03  6.619720e+00
  9    4  odd        117  2.198467e-03  9.044397e-04  6.757224e+00
 10    5  even        43  1.244266e-02  1.078004e-03  5.073853e+00
 11    5  odd         81  4.984246e-04  9.190191e-04  6.401169e+00
 12    6  even        88  5.404386e-03  1.014957e-03  6.849953e+00
 13    6  odd         58  -1.393903e-03  7.076580e-04  6.598458e+00
 14    7  even        56  0.000000e+00  7.573057e-04  6.525364e+00
 15    7  odd         41  -5.354475e-04  1.012309e-03  5.542263e+00
 16    8  even        37  1.606709e-03  4.749987e-04  8.585832e+00
 17    8  odd         25  -5.681889e-03  1.092040e-03  7.104186e+00
 18    9  even        21  -8.492606e-03  7.693265e-04  8.148996e+00
 19    9  odd         13  5.656790e-03  7.670598e-04  1.106894e+01
 20   10  even       160  -1.486206e-03  7.487861e-04  7.345216e+00
 21   10  odd        110  -7.638643e-04  5.719085e-04  6.489684e+00
  0    0  even     45286  6.099642e+00  7.450418e+01  6.099642e+00
  1    0  odd         91  1.115352e-02  5.538412e-04  6.573722e+00
  2    1  even      3073  2.243742e-02  6.995895e-01  5.911034e+00
  3    1  odd        120  4.113622e-03  2.843274e-03  9.149078e+00
  4    2  even      1073  2.238745e-02  1.298784e-01  6.234733e+00
  5    2  odd        118  -3.550113e-03  2.465014e-03  5.980665e+00
  6    3  even       375  2.631803e-02  1.994627e-02  6.219441e+00
  7    3  odd         55  9.986051e-04  2.281697e-03  4.905271e+00
  8    4  even       130  1.463341e-02  6.038490e-03  6.343535e+00
  9    4  odd         22  2.171913e-03  1.242416e-03  6.830874e+00
 10    5  even        46  1.292353e-03  2.072689e-03  6.750709e+00
 11    5  odd         17  1.652104e-03  3.927230e-04  6.458317e+00
 12    6  even        17  1.049087e-02  9.293810e-04  5.602352e+00
 13    6  odd          4  3.073468e-03  5.169623e-04  1.249258e+00
 14    7  even         8  -7.431030e-03  3.865415e-04  3.603760e+00
 15    7  odd         11  1.830490e-02  8.000561e-04  8.375345e+00
 16    8  even         1  0.000000e+00  0.000000e+00  0.000000e+00
 17    8  odd         12  7.348021e-04  5.587275e-06  3.730574e+00
 18    9  even         6  0.000000e+00  1.178031e-03  1.070052e+01
 19    9  odd          5  5.805853e-06  2.933929e-07  2.766286e+00
 20   10  even        57  -1.042952e-03  6.809303e-04  7.245537e+00
 21   10  odd         24  -2.134857e-03  1.346975e-03  5.277378e+00
  0    0  even     10294  6.064243e+00  7.383235e+01  6.064243e+00
  1    0  odd         22  1.496423e-02  9.279200e-04  7.692359e+00
  2    1  even       646  8.737664e-03  7.749902e-01  6.221362e+00
  3    1  odd         33  2.048319e-03  1.660279e-03  3.020361e+00
  4    2  even       225  4.887587e-02  1.266681e-01  6.398460e+00
  5    2  odd         34  1.738679e-02  1.628572e-03  4.612493e+00
  6    3  even        78  1.449037e-02  4.242309e-02  6.778685e+00
  7    3  odd         29  -1.419329e-02  9.769900e-04  5.050634e+00
  8    4  even        28  2.335467e-02  3.619741e-03  7.636475e+00
  9    4  odd         10  -8.015693e-03  2.147277e-04  3.005145e+00
 10    5  even         9  1.981608e-02  1.570708e-03  7.700521e+00
 12    6  even         3  0.000000e+00  0.000000e+00  0.000000e+00
 13    6  odd          3  -3.397628e-02  2.308775e-03  5.421519e+00
 14    7  even         2  0.000000e+00  0.000000e+00  1.248047e+00
 15    7  odd          4  -5.207116e-03  2.739344e-05  2.255554e+00
 16    8  even         2  2.972412e-02  8.835234e-04  6.895508e+00
 18    9  even         2  0.000000e+00  0.000000e+00  0.000000e+00
 21   10  odd         17  1.076856e-02  9.690950e-04  6.581430e+00
  0    0  even      3734  6.156329e+00  7.265489e+01  6.156329e+00
  1    0  odd         17  5.702961e-03  1.037932e-03  5.660622e+00
  2    1  even       283  1.167989e-01  6.643086e-01  6.142378e+00
  3    1  odd          5  -1.589639e-02  8.582879e-03  1.674201e+01
  4    2  even        99  5.885762e-02  1.524131e-01  6.435779e+00
  5    2  odd          6  -3.021095e-02  1.443380e-03  5.462697e+00
  6    3  even        35  -1.188616e-02  1.631957e-02  5.804224e+00
  7    3  odd          2  -2.857563e-02  2.295282e-03  4.876981e+00
  8    4  even        12  -2.478027e-02  9.699759e-03  6.295898e+00
 10    5  even         4  -2.972412e-02  8.835234e-04  3.254883e+00
 11    5  odd          1  0.000000e+00  0.000000e+00  0.000000e+00
 12    6  even         1  0.000000e+00  0.000000e+00  0.000000e+00
 13    6  odd          4  2.126390e-03  3.607907e-04  6.098075e+00
 16    8  even         1  0.000000e+00  0.000000e+00  0.000000e+00
 21   10  odd          4  1.482667e-02  6.674893e-04  2.275103e+00
  0    0  even       200  5.918048e+00  7.981113e+01  5.918048e+00
  1    0  odd        200  9.517375e-03  4.187563e-04  5.764753e+00
  2    1  even       200  1.180096e-01  8.399278e-01  6.925077e+00
  3    1  odd        200  4.718881e-03  3.122472e-03  6.386202e+00
  4    2  even       200  1.782776e-02  1.064245e-01  5.681160e+00
  5    2  odd        200  3.168685e-03  1.714229e-03  5.607729e+00
  0    0  even    339047  6.125864e+00  7.520057e+01  6.125864e+00
  1    0  odd        350  6.366896e-03  5.616210e-04  5.767930e+00
  2    1  even     24409  3.894559e-02  7.505824e-01  6.115328e+00
  3    1  odd        861  2.969300e-03  2.864033e-03  6.010245e+00
  4    2  even      8388  3.777590e-02  1.229878e-01  6.015894e+00
  5    2  odd        356  -5.021205e-04  2.203231e-03  6.745127e+00
  1    0  odd         38  8.786877e-03  3.022773e-04  6.679909e+00
  5    2  odd         30  2.623027e-03  1.116320e-03  4.613660e+00
  0    0  even      7274  6.217966e+00  7.326404e+01  6.217966e+00
  1    0  odd         43  8.826739e-03  5.220189e-04  3.989335e+00
  3    1  odd         18  8.003165e-04  2.105356e-03  3.636233e+00
  5    2  odd         44  -3.026623e-03  1.840103e-03  6.535999e+00
  6    3  even      4218  2.847135e-02  2.390714e-02  6.084378e+00
  7    3  odd        311  -2.869645e-03  1.709427e-03  6.620957e+00
  7    3  odd         95  3.858747e-03  1.044348e-03  5.080145e+00
  0    0  even     15192  6.165638e+00  7.621453e+01  6.165638e+00
  1    0  odd         29  1.379889e-03  1.935983e-04  5.206491e+00
  2    1  even       964  6.136464e-02  6.427809e-01  5.979157e+00
  3    1  odd         45  -4.131503e-03  2.898148e-03  8.505182e+00
  4    2  even       336  -3.202638e-02  1.032833e-01  6.126105e+00
  5    2  odd         26  9.819413e-03  8.898739e-04  4.163977e+00
  7    3  odd          7  4.713102e-03  1.315134e-03  1.265036e+01
  8    4  even      1537  1.566479e-02  5.266258e-03  6.041012e+00
  9    4  odd        204  -4.071561e-04  1.155011e-03  7.803578e+00
  9    4  odd         44  -4.531197e-03  1.204836e-03  6.148818e+00
  0    0  even     13339  6.208771e+00  7.675637e+01  6.208771e+00
  1    0  odd         16  6.778776e-03  7.169753e-04  8.995154e+00
  2    1  even       863  5.985363e-02  8.023364e-01  5.969152e+00
  3    1  odd         41  -5.312175e-03  1.817517e-03  6.878086e+00
  4    2  even       301  4.523131e-02  1.168074e-01  6.502849e+00
  5    2  odd         17  2.793208e-02  1.678686e-03  5.736496e+00
  7    3  odd         14  4.657116e-03  1.788749e-03  5.108603e+00
  9    4  odd         14  -3.803347e-03  4.328071e-04  3.486913e+00
 10    5  even       555  8.462002e-03  1.819612e-03  5.785202e+00
 11    5  odd        129  8.411160e-04  6.574698e-04  4.808230e+00
 11    5  odd          9  -5.991308e-04  1.569708e-04  3.210282e+00
  0    0  even     11054  6.152385e+00  7.382235e+01  6.152385e+00
  1    0  odd         24  4.564845e-03  5.818616e-04  6.517019e+00
  2    1  even       802  7.264219e-02  8.143682e-01  6.392462e+00
  3    1  odd         27  -5.695635e-03  2.438826e-03  1.003241e+01
  4    2  even       280  -1.763175e-02  1.668643e-01  6.301149e+00
  5    2  odd         22  9.694109e-03  8.272195e-04  6.794996e+00
  7    3  odd         14  1.755749e-03  1.002770e-03  3.648153e+00
  9    4  odd          3  0.000000e+00  0.000000e+00  0.000000e+00
 11    5  odd          2  8.026579e-03  4.058725e-04  2.028422e+01
 12    6  even       200  2.972412e-03  1.369461e-03  5.891787e+00
 13    6  odd         69  -7.962002e-05  1.154942e-03  7.327746e+00
  0    0  even      5535  6.098156e+00  7.424252e+01  6.098156e+00
  1    0  odd         12  2.794062e-04  3.269630e-04  4.781198e+00
  2    1  even       434  4.491962e-02  5.805640e-01  5.802482e+00
  3    1  odd         16  2.426434e-02  4.441820e-03  1.005073e+01
  4    2  even       152  -7.032696e-03  1.426262e-01  5.320861e+00
  5    2  odd          4  4.726322e-03  1.265399e-02  1.514337e+01
  7    3  odd          4  -1.694762e-02  8.616654e-04  1.310548e+00
  9    4  odd          2  1.641602e-02  2.694859e-04  7.599044e+00
 11    5  odd          1  7.148445e-03  0.000000e+00  4.983816e+00
 12    6  even         9  0.000000e+00  7.853541e-04  2.767904e+00
 13    6  odd         67  3.447003e-03  1.397174e-03  6.922882e+00
  0    0  even       298  6.191750e+00  7.122826e+01  6.191750e+00
  3    1  odd          6  -6.677927e-03  8.935291e-05  1.209441e+00
  5    2  odd         12  -6.208635e-03  4.775878e-03  8.141474e+00
 13    6  odd          7  -6.359472e-03  5.471746e-04  1.017029e+01
  5    2  odd          8  -3.081361e-02  2.214328e-03  1.351145e+01
  0    0  even       200  5.145742e+00  7.071931e+01  5.145742e+00
  1    0  odd        200  6.784709e-03  5.148255e-04  6.843449e+00
  2    1  even       200  -5.262268e-02  7.882732e-01  6.754084e+00
  3    1  odd        200  -2.432976e-03  2.367056e-03  6.267080e+00
  4    2  even       200  1.248596e-02  1.165802e-01  6.263702e+00
  5    2  odd        200  3.760772e-03  1.852137e-03  6.037908e+00
  0    0  even     48205  6.179702e+00  7.516292e+01  6.179702e+00
  2    1  even      3414  4.392061e-02  8.055301e-01  6.296631e+00
  4    2  even      1061  3.900037e-02  1.312657e-01  6.510000e+00
  0    0  even      2797  6.188376e+00  7.776127e+01  6.188376e+00
  2    1  even       134  1.588390e-01  8.560701e-01  6.792094e+00
  4    2  even        47  7.715623e-02  1.351764e-01  3.679480e+00
  0    0  even      4708  6.238070e+00  7.516103e+01  6.238070e+00
  2    1  even       346  3.109406e-02  5.587838e-01  5.535976e+00
  4    2  even       121  -1.523256e-02  1.772977e-01  6.839563e+00
  6    3  even       705  2.234856e-02  1.938951e-02  5.993787e+00
  7    3  odd         49  3.957456e-04  1.495405e-03  7.206058e+00
  7    3  odd         12  -2.156025e-03  2.220332e-04  3.528165e+00
  0    0  even      2170  6.263019e+00  7.638242e+01  6.263019e+00
  2    1  even       104  1.131721e-01  1.053186e+00  6.966628e+00
  4    2  even        36  6.606377e-02  1.978469e-01  9.612339e+00
  8    4  even       253  1.386439e-02  8.679885e-03  6.148376e+00
  9    4  odd         30  7.542033e-03  1.154853e-03  8.891136e+00
  9    4  odd         10  -1.980664e-02  1.581202e-03  6.330442e+00
  9    4  odd          4  7.340762e-03  1.413082e-04  9.519741e+00
  0    0  even      2453  6.186272e+00  7.538528e+01  6.186272e+00
  2    1  even       195  -3.721016e-02  6.699327e-01  6.621831e+00
  4    2  even        68  2.712115e-02  1.260610e-01  8.051329e+00
  7    3  odd          1  0.000000e+00  0.000000e+00  0.000000e+00
  9    4  odd          1  0.000000e+00  0.000000e+00  0.000000e+00
 10    5  even        93  7.670741e-03  2.145218e-03  6.256329e+00
 11    5  odd         22  2.008624e-03  8.084163e-04  4.439154e+00
 11    5  odd          3  7.138769e-03  1.900463e-03  2.239568e+00
 11    5  odd          2  3.560434e-02  1.267669e-03  4.649058e+00
 11    5  odd          1  6.501819e-02  0.000000e+00  1.285366e+01
 11    5  odd          2  0.000000e+00  0.000000e+00  0.000000e+00
  0    0  even       200  6.706624e+00  8.461151e+01  6.706624e+00
  1    0  odd        200  6.584008e-03  4.293658e-04  6.131313e+00
  2    1  even       200  7.104187e-02  8.853510e-01  6.156248e+00
  3    1  odd        200  8.808190e-03  2.961034e-03  6.793252e+00
  4    2  even       200  2.110901e-02  1.206769e-01  6.337196e+00
  5    2  odd        200  4.324592e-03  1.900269e-03  5.462193e+00
  0    0  even     14174  6.277090e+00  7.948532e+01  6.277090e+00
  2    1  even       840  2.936169e-02  7.087058e-01  5.688896e+00
  4    2  even       163  6.783440e-02  1.288686e-01  6.757652e+00
  0    0  even       150  5.802694e+00  6.321463e+01  5.802694e+00
  6    3  even       171  4.206786e-02  2.450062e-02  6.477468e+00
  7    3  odd         13  -1.490545e-04  1.726545e-04  3.692396e+00
  0    0  even       436  5.733192e+00  7.616481e+01  5.733192e+00
  8    4  even        62  2.780644e-02  4.299936e-03  5.133915e+00
  9    4  odd          5  1.260739e-02  1.326573e-04  5.697273e+00
  0    0  even       321  5.535946e+00  6.874005e+01  5.535946e+00
  2    1  even         6  -6.935628e-02  1.698328e-02  3.298828e+00
  4    2  even         2  -2.080078e-01  4.326725e-02  2.111328e+00
 10    5  even        22  -2.702193e-03  4.746200e-04  4.896573e+00
 11    5  odd          2  2.486715e-02  6.183754e-04  2.743889e+00
 11    5  odd          4  1.313572e-03  2.293392e-04  8.397250e+00
  0    0  even       200  5.625778e+00  7.307138e+01  5.625778e+00
  1    0  odd        200  6.373401e-03  5.162006e-04  5.666189e+00
  2    1  even       200  -3.657227e-02  5.300134e-01  5.885003e+00
  3    1  odd        200  4.314068e-03  2.479531e-03  6.202339e+00
  4    2  even       200  6.984802e-02  1.228695e-01  7.339929e+00
  5    2  odd        200  -6.495288e-04  1.626373e-03  5.946605e+00
  0    0  even      2804  5.762624e+00  6.830885e+01  5.762624e+00
  0    0  even        62  5.128690e+00  5.795846e+01  5.128690e+00
  6    3  even        33  1.441539e-02  1.735161e-02  5.383186e+00
  7    3  odd          3  3.058228e-02  1.205455e-03  5.607789e+00
  7    3  odd          1  0.000000e+00  0.000000e+00  0.000000e+00
