
**********************************************************
*** MLMC file version 1.0     produced by              ***
*** C++ mlmc_test on Fri Jul 31 03:44:55 2026          ***
**********************************************************

**********************************************************
*** Convergence tests, kurtosis, telescoping sum check ***
*** using N =  20000 samples                           ***
**********************************************************

 l   ave(Pf-Pc)    ave(Pf)   var(Pf-Pc)    var(Pf)    kurtosis     check        cost 
---------------------------------------------------------------------------------------
 0   1.0905e+01  1.0905e+01  2.4944e+02  2.4944e+02  6.6714e+00  0.0000e+00  1.0000e+00 
 1   1.4855e-02  1.4855e-02  9.6490e-04  9.6490e-04  4.8561e+00  0.0000e+00  2.0000e+00 
 2   1.7738e-01  1.1076e+01  6.2893e-01  2.6596e+02  1.2252e+02  0.0000e+00  2.0000e+00 
 3   1.5280e-04  1.1233e+01  1.5325e-03  2.6656e+02  6.0495e+00  1.0722e+01  4.0000e+00 
 4   9.8902e-02  1.1192e+01  1.5614e-01  2.6648e+02  3.0247e+01  0.0000e+00  4.0000e+00 
 5   1.8156e-04  1.1314e+01  1.4833e-03  2.7616e+02  6.3578e+00  7.0447e-02  8.0000e+00 
 6   6.1208e-02  1.1369e+01  5.7390e-02  2.8307e+02  7.3682e+01  0.0000e+00  8.0000e+00 
 7   4.6499e-04  1.1247e+01  1.5323e-03  2.7507e+02  6.1399e+00  3.4095e-02  1.6000e+01 
 8   2.9039e-02  1.1277e+01  1.4411e-02  2.7782e+02  1.4560e+01  0.0000e+00  1.6000e+01 
 9  -1.0567e-04  1.1214e+01  1.5011e-03  2.7494e+02  6.1348e+00  1.0874e-01  3.2000e+01 
10   1.6051e-02  1.1614e+01  4.9977e-03  2.8339e+02  1.0149e+01  0.0000e+00  3.2000e+01 
11   3.3308e-04  1.1289e+01  1.4443e-03  2.7203e+02  6.0743e+00  2.7999e-01  6.4000e+01 
12   7.7312e-03  1.1234e+01  9.2116e-04  2.7356e+02  1.8450e+01  0.0000e+00  1.2800e+02 
13   1.9858e-04  1.1498e+01  1.8090e-03  2.8426e+02  8.1942e+00  1.2587e-01  1.2800e+02 
14   3.8433e-03  1.1211e+01  2.2554e-04  2.7348e+02  1.0113e+01  0.0000e+00  2.5600e+02 
15  -7.9187e-05  1.1220e+01  4.5991e-04  2.7581e+02  7.3668e+00  2.1644e-01  2.5600e+02 
16   1.9071e-03  1.1358e+01  5.6796e-05  2.7367e+02  9.2966e+00  0.0000e+00  5.1200e+02 
17   5.9536e-05  1.1482e+01  1.1461e-04  2.8695e+02  6.6195e+00  2.8800e-01  5.1200e+02 
18   9.5014e-04  1.1134e+01  1.3775e-05  2.6849e+02  1.0135e+01  0.0000e+00  1.0240e+03 
19  -1.0283e-05  1.1448e+01  2.8406e-05  2.8931e+02  6.0679e+00  1.8296e-01  1.0240e+03 
20   5.1766e-04  1.1482e+01  3.6771e-06  2.8232e+02  9.0442e+00  0.0000e+00  2.0480e+03 
21   1.6454e-05  1.1255e+01  7.1032e-06  2.7150e+02  6.4253e+00  1.0906e-01  2.0480e+03 

 WARNING: maximum consistency error = 10.721722 
 indicates identity E[Pf-Pc] = E[Pf] - E[Pc] not satisfied 

******************************************************
*** Linear regression estimates of MLMC parameters ***
******************************************************

 alpha = 0.954699  (exponent for MLMC weak convergence)
 beta  = 1.945891  (exponent for MLMC variance) 
 gamma = 1.151515  (exponent for MLMC cost) 

***************************** 
*** MLMC complexity tests *** 
***************************** 

  eps       value   mlmc_cost   std_cost  savings     N_l 
--------------------------------------------------------- 
0.0100  1.1348e+01  6.282e+06  9.335e+08   148.60   4545927     6229   164783     5713    60699     4004    22608     2801     8620     1948     3506     1433     1215     1061      262      421
0.0200  1.1340e+01  1.591e+06  2.334e+08   146.68   1150287     1499    39114     1398    14902     1016     5597      740     2352      447      953      362      326      280       84       97
0.0500  1.1341e+01  2.405e+05  4.742e+06    19.71    199586      250     6400      226     2831      200      741      102      266       62
0.1000  1.1360e+01  5.538e+04  6.039e+05    10.90     44362      200     1980      200      628      200      194       12
0.2000  1.1135e+01  1.460e+04  7.106e+04     4.87     10039      200      483      200      200      200

