
**********************************************************
*** MLMC file version 1.0     produced by              ***
*** C++ mlmc_test on Fri Jul 31 03:43:55 2026          ***
**********************************************************

**********************************************************
*** Convergence tests, kurtosis, telescoping sum check ***
*** using N =  20000 samples                           ***
**********************************************************

 l   ave(Pf-Pc)    ave(Pf)   var(Pf-Pc)    var(Pf)    kurtosis     check        cost 
---------------------------------------------------------------------------------------
 0   6.2011e+00  6.2011e+00  7.6426e+01  7.6426e+01  6.0187e+00  0.0000e+00  1.0000e+00 
 1   7.5160e-03  7.5160e-03  5.2712e-04  5.2712e-04  5.7376e+00  0.0000e+00  2.0000e+00 
 2   2.9247e-02  6.2735e+00  7.4268e-01  7.8636e+01  1.0099e+01  0.0000e+00  2.0000e+00 
 3   3.1708e-03  6.1321e+00  2.6430e-03  7.6029e+01  5.1678e+00  1.0658e+01  4.0000e+00 
 4   4.4668e-02  6.3449e+00  1.2597e-01  8.1676e+01  1.1695e+01  0.0000e+00  4.0000e+00 
 5   1.1629e-03  6.2768e+00  2.0563e-03  7.9424e+01  5.7860e+00  2.2331e-01  8.0000e+00 
 6   2.5302e-02  6.1740e+00  2.2506e-02  7.8617e+01  1.0359e+01  0.0000e+00  8.0000e+00 
 7   1.1181e-03  6.2002e+00  1.3487e-03  7.9463e+01  6.3176e+00  3.5954e-01  1.6000e+01 
 8   1.5522e-02  6.3496e+00  5.6772e-03  8.0778e+01  9.1119e+00  0.0000e+00  1.6000e+01 
 9   6.1195e-04  6.2631e+00  1.1197e-03  7.9317e+01  6.4543e+00  2.9296e-01  3.2000e+01 
10   8.0612e-03  6.3423e+00  2.1293e-03  8.1027e+01  9.2540e+00  0.0000e+00  3.2000e+01 
11   1.1994e-04  6.2233e+00  9.7169e-04  7.8662e+01  6.6188e+00  7.2605e-02  6.4000e+01 
12   4.3724e-03  6.2303e+00  1.2056e-03  7.9551e+01  6.5208e+00  0.0000e+00  6.4000e+01 
13   2.6114e-04  6.1840e+00  9.3468e-04  7.9305e+01  6.5659e+00  2.0574e-01  1.2800e+02 
14   1.8875e-03  6.1929e+00  9.7308e-04  7.8631e+01  6.5055e+00  0.0000e+00  1.2800e+02 
15   2.0150e-04  6.2807e+00  9.4772e-04  8.1107e+01  6.4918e+00  7.5623e-02  2.5600e+02 
16   1.6200e-03  6.3290e+00  9.5953e-04  8.3124e+01  6.7067e+00  0.0000e+00  2.5600e+02 
17  -5.3243e-04  6.2762e+00  9.3779e-04  7.9938e+01  6.6898e+00  1.7088e-01  5.1200e+02 
18  -1.7626e-03  6.3757e+00  8.9932e-04  8.1399e+01  6.7163e+00  0.0000e+00  5.1200e+02 
19   2.5116e-03  6.2488e+00  8.9896e-04  7.8932e+01  6.6127e+00  2.4281e-02  1.0240e+03 
20  -2.2412e-03  6.2352e+00  7.1876e-04  7.9761e+01  1.1575e+01  0.0000e+00  1.0240e+03 
21   2.3528e-03  6.3132e+00  7.2573e-04  8.1211e+01  1.1679e+01  1.0010e-01  2.0480e+03 

 WARNING: maximum consistency error = 10.658207 
 indicates identity E[Pf-Pc] = E[Pf] - E[Pc] not satisfied 

******************************************************
*** Linear regression estimates of MLMC parameters ***
******************************************************

 alpha = 0.580761  (exponent for MLMC weak convergence)
 beta  = 1.037821  (exponent for MLMC variance) 
 gamma = 1.000000  (exponent for MLMC cost) 

***************************** 
*** MLMC complexity tests *** 
***************************** 

  eps       value   mlmc_cost   std_cost  savings     N_l 
--------------------------------------------------------- 
0.0100  6.2624e+00  4.888e+06  2.178e+09   445.56   2210521     4188   155457     6687    54247     4035    18930     2409     6606     1439     2305     1007     1083      759      697      490      449      323      332      226      217      155
0.0200  6.2739e+00  6.304e+05  3.394e+07    53.84    391939      712    27672     1214     9657      719     4218      445     1537      267      555      141      209      143
0.0500  6.3170e+00  9.527e+04  2.766e+06    29.03     60533      200     4393      200     1533      200      705       62      253       45       93       30
0.1000  6.4330e+00  2.545e+04  6.914e+05    27.17     15281      200     1046      200      365      200      171       13       62        5       22        6
0.2000  5.8215e+00  7.394e+03  4.193e+04     5.67      3066      200      200      200      200      200       33        4

