
**********************************************************
*** MLMC file version 1.0     produced by              ***
*** C++ mlmc_test on Fri Jul 31 03:45:18 2026          ***
**********************************************************

**********************************************************
*** Convergence tests, kurtosis, telescoping sum check ***
*** using N =  20000 samples                           ***
**********************************************************

 l   ave(Pf-Pc)    ave(Pf)   var(Pf-Pc)    var(Pf)    kurtosis     check        cost 
---------------------------------------------------------------------------------------
 0   6.2011e+00  6.2011e+00  7.6426e+01  7.6426e+01  6.0187e+00  0.0000e+00  1.0000e+00 
 1   7.5160e-03  7.5160e-03  5.2712e-04  5.2712e-04  5.7376e+00  0.0000e+00  2.0000e+00 
 2   2.9247e-02  6.2735e+00  7.4268e-01  7.8636e+01  1.0099e+01  0.0000e+00  2.0000e+00 
 3   3.1708e-03  6.1321e+00  2.6430e-03  7.6029e+01  5.1678e+00  1.0658e+01  4.0000e+00 
 4   4.4668e-02  6.3449e+00  1.2597e-01  8.1676e+01  1.1695e+01  0.0000e+00  4.0000e+00 
 5   1.1629e-03  6.2768e+00  2.0563e-03  7.9424e+01  5.7860e+00  2.2331e-01  8.0000e+00 
 6   2.5302e-02  6.1740e+00  2.2506e-02  7.8617e+01  1.0359e+01  0.0000e+00  8.0000e+00 
 7   1.1181e-03  6.2002e+00  1.3487e-03  7.9463e+01  6.3176e+00  3.5954e-01  1.6000e+01 
 8   1.5522e-02  6.3496e+00  5.6772e-03  8.0778e+01  9.1119e+00  0.0000e+00  1.6000e+01 
 9   6.1195e-04  6.2631e+00  1.1197e-03  7.9317e+01  6.4543e+00  2.9296e-01  3.2000e+01 
10   8.0612e-03  6.3423e+00  2.1293e-03  8.1027e+01  9.2540e+00  0.0000e+00  3.2000e+01 
11   1.1994e-04  6.2233e+00  9.7169e-04  7.8662e+01  6.6188e+00  7.2605e-02  6.4000e+01 
12   4.2783e-03  6.2432e+00  2.5117e-04  7.9718e+01  1.0311e+01  0.0000e+00  1.2800e+02 
13   7.4217e-06  6.2216e+00  5.0913e-04  7.8942e+01  6.4152e+00  1.3871e-01  1.2800e+02 
14   2.2759e-03  6.2999e+00  6.2758e-05  8.2174e+01  8.3678e+00  0.0000e+00  2.5600e+02 
15   4.4300e-05  6.3366e+00  1.2601e-04  8.1953e+01  5.7552e+00  2.2211e-01  2.5600e+02 
16   1.0885e-03  6.2369e+00  1.5365e-05  8.1009e+01  9.1133e+00  0.0000e+00  5.1200e+02 
17  -1.1310e-05  6.3540e+00  3.1203e-05  8.1362e+01  5.5400e+00  6.0885e-02  5.1200e+02 
18   5.5580e-04  6.2828e+00  3.8861e-06  7.8675e+01  7.4475e+00  0.0000e+00  1.0240e+03 
19  -2.7420e-05  6.2728e+00  7.6906e-06  8.0345e+01  5.5560e+00  4.7150e-02  1.0240e+03 
20   2.7855e-04  6.2922e+00  9.6240e-07  8.1138e+01  7.6226e+00  0.0000e+00  2.0480e+03 
21   7.9968e-06  6.3068e+00  1.9249e-06  8.0918e+01  5.4379e+00  5.6788e-02  2.0480e+03 

 WARNING: maximum consistency error = 10.658207 
 indicates identity E[Pf-Pc] = E[Pf] - E[Pc] not satisfied 

******************************************************
*** Linear regression estimates of MLMC parameters ***
******************************************************

 alpha = 0.828151  (exponent for MLMC weak convergence)
 beta  = 2.158020  (exponent for MLMC variance) 
 gamma = 1.151515  (exponent for MLMC cost) 

***************************** 
*** MLMC complexity tests *** 
***************************** 

  eps       value   mlmc_cost   std_cost  savings     N_l 
--------------------------------------------------------- 
0.0100  6.2656e+00  2.340e+06  2.805e+08   119.86   1527416     2965   107436     4462    30942     2773     9310     1649     3295     1018     1325      676      421      346       97      130
0.0200  6.3035e+00  5.709e+05  3.401e+07    59.58    376199      695    26771     1062     7858      709     2310      420      876      258      364      174      121       99
0.0500  6.2220e+00  8.329e+04  1.379e+06    16.55     62061      200     3871      200     1105      200      357       39      106       34
0.1000  6.1872e+00  2.202e+04  8.712e+04     3.96     16301      200      926      200      268      200
0.2000  6.2336e+00  7.303e+03  2.178e+04     2.98      3251      200      226      200      200      200

