
**********************************************************
*** MLMC file version 1.0     produced by              ***
*** C++ mlmc_test on Fri Jul 31 03:43:16 2026          ***
**********************************************************

**********************************************************
*** Convergence tests, kurtosis, telescoping sum check ***
*** using N =  20000 samples                           ***
**********************************************************

 l   ave(Pf-Pc)    ave(Pf)   var(Pf-Pc)    var(Pf)    kurtosis     check        cost 
---------------------------------------------------------------------------------------
 0   1.0905e+01  1.0905e+01  2.4944e+02  2.4944e+02  6.6714e+00  0.0000e+00  1.0000e+00 
 1   1.4855e-02  1.4855e-02  9.6490e-04  9.6490e-04  4.8561e+00  0.0000e+00  2.0000e+00 
 2   1.7738e-01  1.1076e+01  6.2893e-01  2.6596e+02  1.2252e+02  0.0000e+00  2.0000e+00 
 3   1.5280e-04  1.1233e+01  1.5325e-03  2.6656e+02  6.0495e+00  1.0722e+01  4.0000e+00 
 4   9.8902e-02  1.1192e+01  1.5614e-01  2.6648e+02  3.0247e+01  0.0000e+00  4.0000e+00 
 5   1.8156e-04  1.1314e+01  1.4833e-03  2.7616e+02  6.3578e+00  7.0447e-02  8.0000e+00 
 6   6.1208e-02  1.1369e+01  5.7390e-02  2.8307e+02  7.3682e+01  0.0000e+00  8.0000e+00 
 7   4.6499e-04  1.1247e+01  1.5323e-03  2.7507e+02  6.1399e+00  3.4095e-02  1.6000e+01 
 8   2.9039e-02  1.1277e+01  1.4411e-02  2.7782e+02  1.4560e+01  0.0000e+00  1.6000e+01 
 9  -1.0567e-04  1.1214e+01  1.5011e-03  2.7494e+02  6.1348e+00  1.0874e-01  3.2000e+01 
10   1.6051e-02  1.1614e+01  4.9977e-03  2.8339e+02  1.0149e+01  0.0000e+00  3.2000e+01 
11   3.3308e-04  1.1289e+01  1.4443e-03  2.7203e+02  6.0743e+00  2.7999e-01  6.4000e+01 
12   7.8828e-03  1.1219e+01  2.3085e-03  2.7314e+02  9.6787e+00  0.0000e+00  6.4000e+01 
13  -1.1718e-04  1.1414e+01  1.3073e-03  2.7739e+02  6.3846e+00  1.9700e-01  1.2800e+02 
14   3.3796e-03  1.1455e+01  1.2663e-03  2.7933e+02  9.2504e+00  0.0000e+00  1.2800e+02 
15  -6.7178e-05  1.1101e+01  1.0626e-03  2.7329e+02  8.5687e+00  5.6623e-02  2.5600e+02 
16   1.7626e-03  1.1304e+01  9.2972e-04  2.7462e+02  1.1864e+01  0.0000e+00  2.5600e+02 
17  -2.8391e-05  1.1344e+01  9.0962e-04  2.7379e+02  1.0103e+01  6.3499e-02  5.1200e+02 
18   1.1325e-03  1.1362e+01  8.5308e-04  2.8277e+02  1.2198e+01  0.0000e+00  5.1200e+02 
19   4.0848e-04  1.1156e+01  8.1069e-04  2.6871e+02  1.1570e+01  9.2948e-02  1.0240e+03 
20   8.5011e-04  1.1428e+01  7.9728e-04  2.8352e+02  1.3505e+01  0.0000e+00  1.0240e+03 
21  -6.8416e-05  1.1475e+01  8.2688e-04  2.8202e+02  1.2226e+01  2.7093e-01  2.0480e+03 

 WARNING: maximum consistency error = 10.721722 
 indicates identity E[Pf-Pc] = E[Pf] - E[Pc] not satisfied 

******************************************************
*** Linear regression estimates of MLMC parameters ***
******************************************************

 alpha = 0.911565  (exponent for MLMC weak convergence)
 beta  = 1.094562  (exponent for MLMC variance) 
 gamma = 1.000000  (exponent for MLMC cost) 

***************************** 
*** MLMC complexity tests *** 
***************************** 

  eps       value   mlmc_cost   std_cost  savings     N_l 
--------------------------------------------------------- 
0.0100  1.1351e+01  7.074e+06  1.875e+09   265.04   4845615     6659   165313     5950    64681     4099    25774     2917    10129     2110     3972     1481     1819      987      996      589      613      364
0.0200  1.1335e+01  1.612e+06  2.384e+08   147.89   1150806     1504    40491     1384    16273      960     6914      713     2412      503      936      345      472      244      238      130
0.0500  1.1339e+01  2.628e+05  9.673e+06    36.81    209833      232     5714      226     2640      200     1189      102      426       66      181       33
0.1000  1.1177e+01  5.345e+04  1.185e+06    22.18     40932      200     1484      200      552      200      252       20      110       14
0.2000  1.1443e+01  1.611e+04  2.963e+05    18.39     10556      200      391      200      200      200       63        6       30        3

