
**********************************************************
*** MLMC file version 1.0     produced by              ***
*** C++ mlmc_test on Fri Jul 17 22:05:16 2026          ***
**********************************************************

***************************************** 
*** MLMC errors from 100 calculations *** 
***************************************** 

 Exact value unknown 

 eps = 1.000e-02 
-----------------
 6.27908e+00  6.27713e+00  6.26574e+00  6.26866e+00  6.26863e+00 
 6.28651e+00  6.27245e+00  6.27188e+00  6.26549e+00  6.28194e+00 
 6.29542e+00  6.26987e+00  6.25956e+00  6.25150e+00  6.26938e+00 
 6.29943e+00  6.27093e+00  6.28000e+00  6.27946e+00  6.28510e+00 
 6.27600e+00  6.27068e+00  6.26658e+00  6.25883e+00  6.27540e+00 
 6.26879e+00  6.27950e+00  6.27660e+00  6.27816e+00  6.26675e+00 
 6.27963e+00  6.26524e+00  6.26639e+00  6.28403e+00  6.27503e+00 
 6.27141e+00  6.27923e+00  6.27773e+00  6.27474e+00  6.26078e+00 
 6.26465e+00  6.26352e+00  6.26718e+00  6.26830e+00  6.27118e+00 
 6.27305e+00  6.26797e+00  6.26942e+00  6.26843e+00  6.26362e+00 
 6.27681e+00  6.26298e+00  6.28244e+00  6.25372e+00  6.28032e+00 
 6.27643e+00  6.27217e+00  6.27182e+00  6.26155e+00  6.27304e+00 
 6.27328e+00  6.26662e+00  6.27913e+00  6.27888e+00  6.26440e+00 
 6.26179e+00  6.25850e+00  6.27462e+00  6.27573e+00  6.27722e+00 
 6.26879e+00  6.27280e+00  6.27804e+00  6.26757e+00  6.27342e+00 
 6.28355e+00  6.26646e+00  6.27754e+00  6.27672e+00  6.26909e+00 
 6.27185e+00  6.27120e+00  6.27535e+00  6.27736e+00  6.27473e+00 
 6.26674e+00  6.27500e+00  6.28684e+00  6.28111e+00  6.26250e+00 
 6.26969e+00  6.27583e+00  6.27317e+00  6.25859e+00  6.26662e+00 
 6.26717e+00  6.28372e+00  6.27751e+00  6.27354e+00  6.26885e+00 

 eps = 2.000e-02 
-----------------
 6.26707e+00  6.24715e+00  6.26269e+00  6.28124e+00  6.27896e+00 
 6.29458e+00  6.25681e+00  6.29297e+00  6.27607e+00  6.26185e+00 
 6.30893e+00  6.26577e+00  6.27732e+00  6.30433e+00  6.30312e+00 
 6.27706e+00  6.28856e+00  6.28631e+00  6.28622e+00  6.27704e+00 
 6.28213e+00  6.27952e+00  6.27087e+00  6.27227e+00  6.25066e+00 
 6.25250e+00  6.29860e+00  6.26780e+00  6.26503e+00  6.26181e+00 
 6.27386e+00  6.26480e+00  6.28199e+00  6.23698e+00  6.25014e+00 
 6.25726e+00  6.28158e+00  6.28273e+00  6.24940e+00  6.28692e+00 
 6.28691e+00  6.25966e+00  6.25612e+00  6.27668e+00  6.24090e+00 
 6.26693e+00  6.28071e+00  6.24581e+00  6.27010e+00  6.26653e+00 
 6.27317e+00  6.27869e+00  6.26015e+00  6.29514e+00  6.26017e+00 
 6.26632e+00  6.29715e+00  6.27828e+00  6.25833e+00  6.30301e+00 
 6.28905e+00  6.26699e+00  6.27471e+00  6.28095e+00  6.29405e+00 
 6.26478e+00  6.27346e+00  6.26497e+00  6.26226e+00  6.27224e+00 
 6.24393e+00  6.27307e+00  6.26031e+00  6.26871e+00  6.28230e+00 
 6.29542e+00  6.26571e+00  6.28246e+00  6.27453e+00  6.24795e+00 
 6.25685e+00  6.25387e+00  6.24781e+00  6.29570e+00  6.26732e+00 
 6.26393e+00  6.27143e+00  6.26240e+00  6.27774e+00  6.24409e+00 
 6.25206e+00  6.24903e+00  6.27416e+00  6.29606e+00  6.28912e+00 
 6.26904e+00  6.26513e+00  6.27098e+00  6.29128e+00  6.27753e+00 

 eps = 5.000e-02 
-----------------
 6.29316e+00  6.18588e+00  6.19987e+00  6.30084e+00  6.22743e+00 
 6.25030e+00  6.30926e+00  6.21965e+00  6.24403e+00  6.29995e+00 
 6.28083e+00  6.23011e+00  6.17089e+00  6.20364e+00  6.36226e+00 
 6.23247e+00  6.20255e+00  6.19304e+00  6.27690e+00  6.32667e+00 
 6.33402e+00  6.19480e+00  6.26083e+00  6.19937e+00  6.23267e+00 
 6.23984e+00  6.25543e+00  6.18740e+00  6.16537e+00  6.27980e+00 
 6.29521e+00  6.30041e+00  6.21531e+00  6.21422e+00  6.19876e+00 
 6.29098e+00  6.25897e+00  6.14915e+00  6.23358e+00  6.19761e+00 
 6.25916e+00  6.26385e+00  6.28812e+00  6.25769e+00  6.26803e+00 
 6.25893e+00  6.25552e+00  6.25374e+00  6.26497e+00  6.24790e+00 
 6.34245e+00  6.31091e+00  6.30074e+00  6.24027e+00  6.18418e+00 
 6.24475e+00  6.25555e+00  6.31373e+00  6.19871e+00  6.30286e+00 
 6.28267e+00  6.21179e+00  6.31530e+00  6.23378e+00  6.21577e+00 
 6.20356e+00  6.29026e+00  6.27449e+00  6.25522e+00  6.27813e+00 
 6.31313e+00  6.15456e+00  6.29550e+00  6.19820e+00  6.20991e+00 
 6.22372e+00  6.28506e+00  6.19544e+00  6.24895e+00  6.23507e+00 
 6.23883e+00  6.24460e+00  6.22447e+00  6.22904e+00  6.15682e+00 
 6.25973e+00  6.35082e+00  6.17627e+00  6.19048e+00  6.29030e+00 
 6.28614e+00  6.27453e+00  6.30239e+00  6.22548e+00  6.28276e+00 
 6.30492e+00  6.29614e+00  6.18174e+00  6.25292e+00  6.26032e+00 

 eps = 1.000e-01 
-----------------
 6.36697e+00  6.25534e+00  6.01989e+00  6.31233e+00  6.27678e+00 
 6.26208e+00  6.21912e+00  6.24991e+00  6.27397e+00  6.30492e+00 
 6.24931e+00  6.29355e+00  6.25946e+00  6.28645e+00  6.18183e+00 
 6.45251e+00  6.29299e+00  6.26560e+00  6.28092e+00  6.21925e+00 
 6.45063e+00  6.28012e+00  6.31193e+00  6.20669e+00  6.17337e+00 
 6.25767e+00  6.19838e+00  6.29796e+00  6.22605e+00  6.32433e+00 
 6.25461e+00  6.21684e+00  6.18562e+00  6.18860e+00  6.30054e+00 
 6.17024e+00  6.28617e+00  6.32618e+00  6.22737e+00  6.25262e+00 
 6.24995e+00  6.25755e+00  6.18885e+00  6.12287e+00  6.26162e+00 
 6.36293e+00  6.17107e+00  6.25404e+00  6.25478e+00  6.12065e+00 
 6.36384e+00  6.23065e+00  6.25211e+00  6.31226e+00  6.35066e+00 
 6.24601e+00  6.12550e+00  6.36158e+00  6.25117e+00  6.28321e+00 
 6.25849e+00  6.16299e+00  6.17825e+00  6.26110e+00  6.20969e+00 
 6.04345e+00  6.09072e+00  6.17551e+00  6.31481e+00  6.33547e+00 
 6.23922e+00  6.36396e+00  6.30782e+00  6.23139e+00  6.25106e+00 
 6.27941e+00  6.32020e+00  6.27187e+00  6.29756e+00  6.17552e+00 
 6.15246e+00  6.30065e+00  6.26469e+00  6.29188e+00  6.34167e+00 
 6.26967e+00  6.24340e+00  6.41151e+00  6.06400e+00  6.34808e+00 
 6.18683e+00  6.13833e+00  6.25631e+00  6.26823e+00  6.30935e+00 
 6.19945e+00  6.25995e+00  6.34111e+00  6.33776e+00  6.29804e+00 

 eps = 2.000e-01 
-----------------
 6.05338e+00  5.95287e+00  6.14261e+00  6.43480e+00  6.19210e+00 
 6.45688e+00  6.30393e+00  6.31714e+00  6.29824e+00  6.14019e+00 
 6.59365e+00  6.11626e+00  6.26091e+00  6.03015e+00  6.27917e+00 
 6.19052e+00  6.32827e+00  6.27369e+00  6.25124e+00  5.98271e+00 
 6.39199e+00  6.18766e+00  6.02468e+00  6.16812e+00  6.16915e+00 
 6.17106e+00  6.23750e+00  6.19446e+00  6.29592e+00  6.30885e+00 
 6.10132e+00  6.29141e+00  6.03778e+00  6.13299e+00  6.36116e+00 
 6.27955e+00  6.29251e+00  6.52972e+00  5.95538e+00  6.42564e+00 
 6.14501e+00  6.28153e+00  5.79394e+00  6.29544e+00  5.99400e+00 
 6.15694e+00  6.03964e+00  5.95791e+00  6.18227e+00  6.15789e+00 
 6.45710e+00  6.12426e+00  6.12110e+00  6.22401e+00  6.55863e+00 
 6.35075e+00  6.21678e+00  6.07542e+00  6.05737e+00  6.35597e+00 
 6.29533e+00  6.13792e+00  6.02535e+00  6.24383e+00  6.26209e+00 
 6.08607e+00  6.30230e+00  6.07967e+00  6.48232e+00  6.24471e+00 
 6.28435e+00  6.30814e+00  5.98029e+00  6.02777e+00  6.12305e+00 
 6.26252e+00  6.46555e+00  6.51787e+00  6.48816e+00  6.23869e+00 
 6.61685e+00  6.04364e+00  6.14229e+00  6.31982e+00  6.06517e+00 
 6.40348e+00  6.22485e+00  6.32271e+00  6.47219e+00  5.99739e+00 
 6.11148e+00  6.18506e+00  6.12753e+00  6.13135e+00  6.42786e+00 
 5.81587e+00  6.44934e+00  6.20955e+00  6.21315e+00  5.97050e+00 
