
**********************************************************
*** MLMC file version 1.0     produced by              ***
*** C++ mlmc_test on Fri Jul 17 22:01:39 2026          ***
**********************************************************

***************************************** 
*** MLMC errors from 100 calculations *** 
***************************************** 

 Exact value unknown 

 eps = 1.000e-02 
-----------------
 1.13496e+01  1.13553e+01  1.13502e+01  1.13545e+01  1.13531e+01 
 1.13664e+01  1.13594e+01  1.13671e+01  1.13447e+01  1.13517e+01 
 1.13635e+01  1.13465e+01  1.13559e+01  1.13570e+01  1.13579e+01 
 1.13476e+01  1.13499e+01  1.13431e+01  1.13552e+01  1.13548e+01 
 1.13543e+01  1.13273e+01  1.13486e+01  1.13554e+01  1.13374e+01 
 1.13517e+01  1.13498e+01  1.13535e+01  1.13545e+01  1.13532e+01 
 1.13486e+01  1.13498e+01  1.13630e+01  1.13505e+01  1.13500e+01 
 1.13518e+01  1.13570e+01  1.13636e+01  1.13726e+01  1.13519e+01 
 1.13513e+01  1.13609e+01  1.13601e+01  1.13480e+01  1.13496e+01 
 1.13505e+01  1.13514e+01  1.13397e+01  1.13537e+01  1.13506e+01 
 1.13500e+01  1.13504e+01  1.13518e+01  1.13530e+01  1.13565e+01 
 1.13671e+01  1.13623e+01  1.13460e+01  1.13389e+01  1.13650e+01 
 1.13512e+01  1.13414e+01  1.13597e+01  1.13653e+01  1.13401e+01 
 1.13486e+01  1.13484e+01  1.13665e+01  1.13347e+01  1.13488e+01 
 1.13578e+01  1.13434e+01  1.13578e+01  1.13573e+01  1.13576e+01 
 1.13554e+01  1.13538e+01  1.13561e+01  1.13576e+01  1.13520e+01 
 1.13486e+01  1.13350e+01  1.13552e+01  1.13466e+01  1.13630e+01 
 1.13535e+01  1.13562e+01  1.13634e+01  1.13416e+01  1.13717e+01 
 1.13597e+01  1.13439e+01  1.13293e+01  1.13480e+01  1.13492e+01 
 1.13595e+01  1.13640e+01  1.13399e+01  1.13428e+01  1.13575e+01 

 eps = 2.000e-02 
-----------------
 1.13292e+01  1.13540e+01  1.13165e+01  1.13742e+01  1.13740e+01 
 1.13623e+01  1.13549e+01  1.13523e+01  1.13773e+01  1.13580e+01 
 1.13479e+01  1.13613e+01  1.13776e+01  1.13607e+01  1.13408e+01 
 1.13454e+01  1.13414e+01  1.13626e+01  1.13635e+01  1.13241e+01 
 1.13574e+01  1.13539e+01  1.13692e+01  1.13553e+01  1.13489e+01 
 1.13458e+01  1.13483e+01  1.13618e+01  1.13446e+01  1.13419e+01 
 1.13609e+01  1.13579e+01  1.13517e+01  1.13343e+01  1.13477e+01 
 1.13835e+01  1.13593e+01  1.13649e+01  1.13416e+01  1.13290e+01 
 1.13486e+01  1.13170e+01  1.13434e+01  1.13541e+01  1.13468e+01 
 1.13470e+01  1.13537e+01  1.13361e+01  1.13386e+01  1.13567e+01 
 1.13591e+01  1.13434e+01  1.13321e+01  1.13653e+01  1.13526e+01 
 1.13210e+01  1.13558e+01  1.13548e+01  1.13480e+01  1.13834e+01 
 1.13343e+01  1.13711e+01  1.13202e+01  1.13079e+01  1.13570e+01 
 1.13416e+01  1.13460e+01  1.13416e+01  1.13358e+01  1.13555e+01 
 1.13464e+01  1.13376e+01  1.13508e+01  1.13343e+01  1.13320e+01 
 1.13604e+01  1.13710e+01  1.13578e+01  1.13487e+01  1.13567e+01 
 1.13688e+01  1.13125e+01  1.13686e+01  1.13485e+01  1.13409e+01 
 1.13360e+01  1.13496e+01  1.13463e+01  1.13314e+01  1.13398e+01 
 1.13416e+01  1.13376e+01  1.13515e+01  1.13307e+01  1.13731e+01 
 1.13555e+01  1.13572e+01  1.13565e+01  1.13595e+01  1.13775e+01 

 eps = 5.000e-02 
-----------------
 1.14192e+01  1.13887e+01  1.13264e+01  1.13105e+01  1.13477e+01 
 1.13238e+01  1.13907e+01  1.13400e+01  1.13212e+01  1.13343e+01 
 1.13474e+01  1.12986e+01  1.13312e+01  1.13800e+01  1.13559e+01 
 1.13238e+01  1.13487e+01  1.12602e+01  1.13392e+01  1.13304e+01 
 1.12809e+01  1.13656e+01  1.13066e+01  1.13345e+01  1.13463e+01 
 1.13519e+01  1.13636e+01  1.13206e+01  1.13438e+01  1.13343e+01 
 1.13906e+01  1.12872e+01  1.13369e+01  1.13282e+01  1.13448e+01 
 1.14402e+01  1.13729e+01  1.13192e+01  1.13268e+01  1.13609e+01 
 1.13438e+01  1.13911e+01  1.12978e+01  1.13092e+01  1.13370e+01 
 1.13631e+01  1.13469e+01  1.12731e+01  1.12854e+01  1.12909e+01 
 1.14389e+01  1.12936e+01  1.13827e+01  1.13971e+01  1.13800e+01 
 1.13398e+01  1.13705e+01  1.13263e+01  1.12904e+01  1.12515e+01 
 1.13288e+01  1.12918e+01  1.12853e+01  1.12975e+01  1.13832e+01 
 1.13391e+01  1.12248e+01  1.13612e+01  1.14308e+01  1.13789e+01 
 1.13539e+01  1.13233e+01  1.12992e+01  1.13882e+01  1.13045e+01 
 1.13678e+01  1.13675e+01  1.12547e+01  1.13482e+01  1.13599e+01 
 1.14399e+01  1.13887e+01  1.13033e+01  1.12870e+01  1.13218e+01 
 1.13355e+01  1.12902e+01  1.13200e+01  1.13111e+01  1.13186e+01 
 1.13576e+01  1.13412e+01  1.13851e+01  1.13120e+01  1.13522e+01 
 1.13317e+01  1.13421e+01  1.14517e+01  1.12960e+01  1.12659e+01 

 eps = 1.000e-01 
-----------------
 1.15675e+01  1.12950e+01  1.13349e+01  1.11443e+01  1.12376e+01 
 1.12272e+01  1.12755e+01  1.13102e+01  1.13618e+01  1.11450e+01 
 1.13729e+01  1.13568e+01  1.12770e+01  1.13179e+01  1.13814e+01 
 1.11739e+01  1.12561e+01  1.11385e+01  1.15210e+01  1.13060e+01 
 1.12574e+01  1.12626e+01  1.13111e+01  1.13597e+01  1.13724e+01 
 1.13868e+01  1.13881e+01  1.12533e+01  1.13477e+01  1.13482e+01 
 1.13644e+01  1.13247e+01  1.12241e+01  1.12902e+01  1.13600e+01 
 1.13479e+01  1.14960e+01  1.12834e+01  1.13414e+01  1.11694e+01 
 1.12483e+01  1.12747e+01  1.15109e+01  1.12220e+01  1.12009e+01 
 1.12283e+01  1.13407e+01  1.13328e+01  1.11232e+01  1.12448e+01 
 1.13837e+01  1.12916e+01  1.13077e+01  1.14736e+01  1.12257e+01 
 1.11393e+01  1.14210e+01  1.13030e+01  1.11413e+01  1.12133e+01 
 1.10468e+01  1.12589e+01  1.13194e+01  1.12786e+01  1.14054e+01 
 1.12898e+01  1.12529e+01  1.14154e+01  1.13990e+01  1.12731e+01 
 1.13253e+01  1.13707e+01  1.13642e+01  1.12567e+01  1.13037e+01 
 1.13005e+01  1.13346e+01  1.13193e+01  1.12938e+01  1.14013e+01 
 1.13371e+01  1.11832e+01  1.15486e+01  1.14548e+01  1.13733e+01 
 1.13810e+01  1.14658e+01  1.12513e+01  1.12741e+01  1.12969e+01 
 1.12632e+01  1.14691e+01  1.13529e+01  1.12170e+01  1.13083e+01 
 1.11338e+01  1.13956e+01  1.13708e+01  1.12874e+01  1.12172e+01 

 eps = 2.000e-01 
-----------------
 1.14535e+01  1.13032e+01  1.12248e+01  1.12953e+01  1.12023e+01 
 1.12460e+01  1.11131e+01  1.11356e+01  1.14893e+01  1.14201e+01 
 1.14430e+01  1.14724e+01  1.10613e+01  1.14786e+01  1.10963e+01 
 1.11974e+01  1.07596e+01  1.13346e+01  1.14354e+01  1.14921e+01 
 1.13053e+01  1.14180e+01  1.10994e+01  1.10630e+01  1.11048e+01 
 1.11774e+01  1.14043e+01  1.09827e+01  1.12652e+01  1.13764e+01 
 1.12128e+01  1.12491e+01  1.14236e+01  1.14769e+01  1.09192e+01 
 1.12303e+01  1.10838e+01  1.15263e+01  1.14983e+01  1.12644e+01 
 1.12664e+01  1.15036e+01  1.10890e+01  1.12795e+01  1.13482e+01 
 1.14428e+01  1.13814e+01  1.14596e+01  1.15664e+01  1.13315e+01 
 1.11936e+01  1.13470e+01  1.14135e+01  1.12405e+01  1.11249e+01 
 1.13564e+01  1.15485e+01  1.15772e+01  1.11182e+01  1.12826e+01 
 1.14493e+01  1.12401e+01  1.12823e+01  1.10542e+01  1.11663e+01 
 1.16515e+01  1.11342e+01  1.13505e+01  1.13702e+01  1.12533e+01 
 1.13868e+01  1.14339e+01  1.13015e+01  1.11221e+01  1.11759e+01 
 1.10913e+01  1.12590e+01  1.13114e+01  1.11248e+01  1.14910e+01 
 1.11465e+01  1.12239e+01  1.09785e+01  1.14362e+01  1.15740e+01 
 1.10704e+01  1.13788e+01  1.11324e+01  1.15681e+01  1.10880e+01 
 1.09265e+01  1.12160e+01  1.14045e+01  1.11723e+01  1.13978e+01 
 1.12769e+01  1.11596e+01  1.14156e+01  1.16534e+01  1.10111e+01 
