
**********************************************************
*** MLMC file version 1.0     produced by              ***
*** C++ mlmc_test on Sun Jun 21 23:47:31 2026          ***
**********************************************************

***************************************** 
*** MLMC errors from 100 calculations *** 
***************************************** 

 Exact value unknown 

 eps = 5.000e-03 
-----------------
 5.76841e+00  5.77031e+00  5.76454e+00  5.76250e+00  5.76366e+00 
 5.76431e+00  5.76003e+00  5.75962e+00  5.76687e+00  5.75539e+00 
 5.76008e+00  5.75683e+00  5.75669e+00  5.76579e+00  5.76011e+00 
 5.76579e+00  5.76036e+00  5.76239e+00  5.76068e+00  5.76281e+00 
 5.75937e+00  5.77209e+00  5.76303e+00  5.76528e+00  5.76924e+00 
 5.77966e+00  5.76900e+00  5.76023e+00  5.75596e+00  5.76313e+00 
 5.76196e+00  5.76368e+00  5.76003e+00  5.75840e+00  5.76126e+00 
 5.76035e+00  5.76602e+00  5.76678e+00  5.76217e+00  5.76131e+00 
 5.75623e+00  5.76415e+00  5.76039e+00  5.76099e+00  5.76498e+00 
 5.75586e+00  5.76046e+00  5.76721e+00  5.75608e+00  5.75966e+00 
 5.76097e+00  5.75449e+00  5.76983e+00  5.76803e+00  5.76246e+00 
 5.75499e+00  5.76480e+00  5.76137e+00  5.76175e+00  5.76002e+00 
 5.75949e+00  5.75662e+00  5.76094e+00  5.76484e+00  5.76075e+00 
 5.75683e+00  5.75686e+00  5.76641e+00  5.74601e+00  5.76309e+00 
 5.76226e+00  5.76583e+00  5.76138e+00  5.76372e+00  5.76125e+00 
 5.75487e+00  5.75884e+00  5.76793e+00  5.76170e+00  5.76018e+00 
 5.76436e+00  5.75613e+00  5.76042e+00  5.75955e+00  5.76351e+00 
 5.75587e+00  5.75952e+00  5.76391e+00  5.76167e+00  5.75882e+00 
 5.76223e+00  5.76434e+00  5.76786e+00  5.75746e+00  5.76786e+00 
 5.76640e+00  5.76086e+00  5.76055e+00  5.75897e+00  5.76059e+00 

 eps = 1.000e-02 
-----------------
 5.77063e+00  5.76105e+00  5.76893e+00  5.76304e+00  5.75383e+00 
 5.75445e+00  5.76485e+00  5.76254e+00  5.74710e+00  5.76400e+00 
 5.75597e+00  5.75771e+00  5.76135e+00  5.74844e+00  5.75733e+00 
 5.76068e+00  5.76161e+00  5.74975e+00  5.76576e+00  5.74581e+00 
 5.76361e+00  5.76242e+00  5.76604e+00  5.78023e+00  5.76515e+00 
 5.76233e+00  5.75219e+00  5.76233e+00  5.76614e+00  5.76366e+00 
 5.74529e+00  5.76969e+00  5.76630e+00  5.75665e+00  5.75568e+00 
 5.76641e+00  5.74483e+00  5.75449e+00  5.76297e+00  5.76031e+00 
 5.77425e+00  5.75737e+00  5.76543e+00  5.76140e+00  5.77306e+00 
 5.77160e+00  5.77240e+00  5.76007e+00  5.76314e+00  5.75499e+00 
 5.75511e+00  5.74732e+00  5.76886e+00  5.76527e+00  5.76048e+00 
 5.75602e+00  5.74726e+00  5.74985e+00  5.77167e+00  5.75375e+00 
 5.77083e+00  5.75357e+00  5.76015e+00  5.76016e+00  5.76991e+00 
 5.77312e+00  5.75250e+00  5.75171e+00  5.75584e+00  5.77463e+00 
 5.76406e+00  5.76705e+00  5.76532e+00  5.75276e+00  5.75588e+00 
 5.76619e+00  5.76760e+00  5.75561e+00  5.76135e+00  5.75356e+00 
 5.76765e+00  5.75655e+00  5.77327e+00  5.75941e+00  5.77326e+00 
 5.76657e+00  5.76229e+00  5.75982e+00  5.76385e+00  5.77236e+00 
 5.76319e+00  5.77067e+00  5.75982e+00  5.76205e+00  5.75875e+00 
 5.75019e+00  5.75172e+00  5.77603e+00  5.75816e+00  5.76253e+00 

 eps = 2.000e-02 
-----------------
 5.75933e+00  5.73092e+00  5.76299e+00  5.77324e+00  5.73633e+00 
 5.76595e+00  5.76525e+00  5.78985e+00  5.73876e+00  5.75112e+00 
 5.75247e+00  5.73076e+00  5.77023e+00  5.76912e+00  5.74828e+00 
 5.76938e+00  5.78833e+00  5.79565e+00  5.76228e+00  5.75872e+00 
 5.76212e+00  5.76334e+00  5.73837e+00  5.76810e+00  5.71335e+00 
 5.75565e+00  5.74919e+00  5.75795e+00  5.77589e+00  5.74130e+00 
 5.75353e+00  5.74620e+00  5.75500e+00  5.78299e+00  5.73036e+00 
 5.73950e+00  5.77700e+00  5.74997e+00  5.74049e+00  5.75326e+00 
 5.75708e+00  5.76820e+00  5.77081e+00  5.76106e+00  5.75615e+00 
 5.76592e+00  5.76543e+00  5.77370e+00  5.74863e+00  5.75593e+00 
 5.75433e+00  5.71810e+00  5.75904e+00  5.73143e+00  5.73895e+00 
 5.75001e+00  5.75009e+00  5.77462e+00  5.75839e+00  5.77680e+00 
 5.76901e+00  5.76031e+00  5.76493e+00  5.76605e+00  5.76987e+00 
 5.77429e+00  5.75224e+00  5.72408e+00  5.76890e+00  5.75078e+00 
 5.78067e+00  5.74693e+00  5.74249e+00  5.77241e+00  5.74506e+00 
 5.75920e+00  5.74894e+00  5.76630e+00  5.75171e+00  5.75046e+00 
 5.76492e+00  5.76363e+00  5.75227e+00  5.75635e+00  5.75587e+00 
 5.73556e+00  5.75637e+00  5.76591e+00  5.77956e+00  5.76130e+00 
 5.75458e+00  5.76759e+00  5.76434e+00  5.74728e+00  5.75186e+00 
 5.74929e+00  5.75376e+00  5.76463e+00  5.76450e+00  5.77377e+00 

 eps = 5.000e-02 
-----------------
 5.72401e+00  5.76651e+00  5.75450e+00  5.84470e+00  5.73876e+00 
 5.76706e+00  5.82054e+00  5.78464e+00  5.71109e+00  5.81055e+00 
 5.76430e+00  5.74872e+00  5.75802e+00  5.73245e+00  5.71711e+00 
 5.71476e+00  5.71491e+00  5.76062e+00  5.78989e+00  5.70262e+00 
 5.70234e+00  5.67940e+00  5.75009e+00  5.84147e+00  5.77604e+00 
 5.77704e+00  5.74519e+00  5.74636e+00  5.77383e+00  5.74042e+00 
 5.77281e+00  5.75273e+00  5.76410e+00  5.66955e+00  5.72222e+00 
 5.72988e+00  5.75483e+00  5.69859e+00  5.78548e+00  5.76579e+00 
 5.70147e+00  5.73585e+00  5.79636e+00  5.66817e+00  5.78128e+00 
 5.73333e+00  5.74455e+00  5.76638e+00  5.69133e+00  5.76665e+00 
 5.76962e+00  5.81488e+00  5.74781e+00  5.74067e+00  5.66340e+00 
 5.72956e+00  5.75657e+00  5.73432e+00  5.70174e+00  5.72687e+00 
 5.72747e+00  5.75725e+00  5.68031e+00  5.77523e+00  5.76207e+00 
 5.77886e+00  5.78677e+00  5.66651e+00  5.71395e+00  5.74261e+00 
 5.76006e+00  5.81557e+00  5.73540e+00  5.74838e+00  5.73023e+00 
 5.76563e+00  5.71865e+00  5.69694e+00  5.77170e+00  5.76193e+00 
 5.73505e+00  5.73008e+00  5.73455e+00  5.78797e+00  5.69064e+00 
 5.77083e+00  5.73409e+00  5.69524e+00  5.69300e+00  5.71458e+00 
 5.76257e+00  5.79713e+00  5.72532e+00  5.74164e+00  5.72225e+00 
 5.72790e+00  5.67491e+00  5.70343e+00  5.70807e+00  5.73591e+00 

 eps = 1.000e-01 
-----------------
 5.75980e+00  5.68203e+00  5.86067e+00  5.78384e+00  5.79110e+00 
 5.80248e+00  5.70904e+00  5.71842e+00  5.80168e+00  5.63296e+00 
 5.78937e+00  5.68637e+00  5.78684e+00  5.75179e+00  5.83078e+00 
 5.69459e+00  5.72467e+00  5.82764e+00  5.64729e+00  5.74485e+00 
 5.74792e+00  5.59035e+00  5.68413e+00  5.63626e+00  5.70319e+00 
 5.71471e+00  5.80594e+00  5.64548e+00  5.56804e+00  5.69205e+00 
 5.74414e+00  5.73429e+00  5.58263e+00  5.68823e+00  5.75927e+00 
 5.67602e+00  5.75642e+00  5.73816e+00  5.88210e+00  5.54171e+00 
 5.67959e+00  5.75938e+00  5.83442e+00  5.81790e+00  5.75690e+00 
 5.77113e+00  5.75018e+00  5.69957e+00  5.75609e+00  5.59405e+00 
 5.71266e+00  5.69547e+00  5.73749e+00  5.64099e+00  5.62932e+00 
 5.77090e+00  5.73410e+00  5.66880e+00  5.77273e+00  5.81987e+00 
 5.65174e+00  5.79679e+00  5.75532e+00  5.79064e+00  5.81034e+00 
 5.79360e+00  5.80526e+00  5.63218e+00  5.88853e+00  5.75720e+00 
 5.88725e+00  5.73508e+00  5.66851e+00  5.88330e+00  5.66774e+00 
 5.75696e+00  5.85292e+00  5.76560e+00  5.78347e+00  5.77335e+00 
 5.77161e+00  5.74780e+00  5.72933e+00  5.70189e+00  5.70531e+00 
 5.86982e+00  5.74848e+00  5.78154e+00  5.80634e+00  5.81032e+00 
 5.74060e+00  5.73059e+00  5.79951e+00  5.77254e+00  5.56694e+00 
 5.66478e+00  5.77066e+00  5.60691e+00  5.76996e+00  5.70825e+00 
