
**********************************************************
*** MLMC file version 1.0     produced by              ***
*** C++ mlmc_test on Sun Jun 21 23:48:32 2026          ***
**********************************************************

***************************************** 
*** MLMC errors from 100 calculations *** 
***************************************** 

 Exact value: 17.216799 

 eps = 5.000e-03 
-----------------
 1.72232e+01  1.72140e+01  1.72144e+01  1.72237e+01  1.72151e+01 
 1.72207e+01  1.72118e+01  1.72218e+01  1.72253e+01  1.72271e+01 
 1.72155e+01  1.72148e+01  1.72189e+01  1.72135e+01  1.72108e+01 
 1.72166e+01  1.72192e+01  1.72151e+01  1.72201e+01  1.72207e+01 
 1.72146e+01  1.72180e+01  1.72115e+01  1.72144e+01  1.72129e+01 
 1.72208e+01  1.72177e+01  1.72176e+01  1.72190e+01  1.72151e+01 
 1.72194e+01  1.72214e+01  1.72152e+01  1.72248e+01  1.72159e+01 
 1.72152e+01  1.72214e+01  1.72224e+01  1.72182e+01  1.72155e+01 
 1.72209e+01  1.72159e+01  1.72185e+01  1.72175e+01  1.72121e+01 
 1.72276e+01  1.72195e+01  1.72187e+01  1.72108e+01  1.72183e+01 
 1.72143e+01  1.72202e+01  1.72215e+01  1.72160e+01  1.72144e+01 
 1.72242e+01  1.72165e+01  1.72161e+01  1.72213e+01  1.72185e+01 
 1.72232e+01  1.72194e+01  1.72176e+01  1.72178e+01  1.72256e+01 
 1.72177e+01  1.72190e+01  1.72251e+01  1.72147e+01  1.72186e+01 
 1.72140e+01  1.72164e+01  1.72107e+01  1.72188e+01  1.72209e+01 
 1.72157e+01  1.72223e+01  1.72187e+01  1.72116e+01  1.72201e+01 
 1.72223e+01  1.72182e+01  1.72185e+01  1.72154e+01  1.72179e+01 
 1.72190e+01  1.72178e+01  1.72270e+01  1.72277e+01  1.72222e+01 
 1.72180e+01  1.72209e+01  1.72209e+01  1.72177e+01  1.72217e+01 
 1.72120e+01  1.72171e+01  1.72131e+01  1.72124e+01  1.72131e+01 

 eps = 1.000e-02 
-----------------
 1.72352e+01  1.72205e+01  1.72222e+01  1.72298e+01  1.72057e+01 
 1.72262e+01  1.72141e+01  1.72360e+01  1.72030e+01  1.72146e+01 
 1.72178e+01  1.72260e+01  1.71939e+01  1.72161e+01  1.72238e+01 
 1.72101e+01  1.72207e+01  1.72214e+01  1.72192e+01  1.72165e+01 
 1.72158e+01  1.72165e+01  1.72122e+01  1.72041e+01  1.72013e+01 
 1.72093e+01  1.72190e+01  1.72136e+01  1.72214e+01  1.72204e+01 
 1.72166e+01  1.72274e+01  1.72193e+01  1.72122e+01  1.72103e+01 
 1.72189e+01  1.72360e+01  1.72310e+01  1.72191e+01  1.72204e+01 
 1.72342e+01  1.72296e+01  1.72209e+01  1.72087e+01  1.72149e+01 
 1.72269e+01  1.72138e+01  1.72138e+01  1.72275e+01  1.72090e+01 
 1.72138e+01  1.72286e+01  1.72247e+01  1.72185e+01  1.72442e+01 
 1.72122e+01  1.72070e+01  1.72200e+01  1.72116e+01  1.72106e+01 
 1.72239e+01  1.72169e+01  1.72292e+01  1.72375e+01  1.72315e+01 
 1.72106e+01  1.72130e+01  1.72001e+01  1.72325e+01  1.72132e+01 
 1.72085e+01  1.72193e+01  1.72208e+01  1.72199e+01  1.72078e+01 
 1.72211e+01  1.72326e+01  1.72264e+01  1.72231e+01  1.72214e+01 
 1.72274e+01  1.72139e+01  1.72155e+01  1.72081e+01  1.72044e+01 
 1.72380e+01  1.72306e+01  1.72171e+01  1.72277e+01  1.72353e+01 
 1.72259e+01  1.72139e+01  1.72175e+01  1.72139e+01  1.72148e+01 
 1.72289e+01  1.72085e+01  1.72143e+01  1.72186e+01  1.72160e+01 

 eps = 2.000e-02 
-----------------
 1.72239e+01  1.72323e+01  1.72283e+01  1.72057e+01  1.72264e+01 
 1.72287e+01  1.72125e+01  1.72048e+01  1.71968e+01  1.72454e+01 
 1.72324e+01  1.72363e+01  1.72138e+01  1.71790e+01  1.72227e+01 
 1.72354e+01  1.72483e+01  1.72140e+01  1.72344e+01  1.72130e+01 
 1.72241e+01  1.72165e+01  1.72268e+01  1.72224e+01  1.72274e+01 
 1.72285e+01  1.72186e+01  1.72073e+01  1.72581e+01  1.71806e+01 
 1.72413e+01  1.72211e+01  1.71897e+01  1.72376e+01  1.72338e+01 
 1.72424e+01  1.72413e+01  1.72226e+01  1.72158e+01  1.72040e+01 
 1.71901e+01  1.72035e+01  1.71851e+01  1.72073e+01  1.72137e+01 
 1.72288e+01  1.72113e+01  1.72296e+01  1.72386e+01  1.72127e+01 
 1.72252e+01  1.72206e+01  1.72189e+01  1.72471e+01  1.72235e+01 
 1.72036e+01  1.72156e+01  1.72283e+01  1.72504e+01  1.72333e+01 
 1.72457e+01  1.72025e+01  1.71964e+01  1.72080e+01  1.72302e+01 
 1.72607e+01  1.71891e+01  1.72099e+01  1.72032e+01  1.72229e+01 
 1.72436e+01  1.72205e+01  1.72330e+01  1.72170e+01  1.72414e+01 
 1.72282e+01  1.72447e+01  1.71993e+01  1.72029e+01  1.72125e+01 
 1.72053e+01  1.72189e+01  1.72088e+01  1.72191e+01  1.72386e+01 
 1.72380e+01  1.72099e+01  1.72203e+01  1.72355e+01  1.72214e+01 
 1.72401e+01  1.72303e+01  1.72345e+01  1.72337e+01  1.72231e+01 
 1.72107e+01  1.71913e+01  1.72030e+01  1.72167e+01  1.71998e+01 

 eps = 5.000e-02 
-----------------
 1.71954e+01  1.72107e+01  1.71616e+01  1.71489e+01  1.72085e+01 
 1.72007e+01  1.72156e+01  1.72045e+01  1.72501e+01  1.72345e+01 
 1.71930e+01  1.72998e+01  1.72036e+01  1.72126e+01  1.71806e+01 
 1.72243e+01  1.72308e+01  1.71489e+01  1.71842e+01  1.72023e+01 
 1.72159e+01  1.72173e+01  1.72726e+01  1.72333e+01  1.72024e+01 
 1.71896e+01  1.72313e+01  1.72354e+01  1.72448e+01  1.72578e+01 
 1.72226e+01  1.72999e+01  1.72532e+01  1.72207e+01  1.72573e+01 
 1.72575e+01  1.71845e+01  1.71957e+01  1.72156e+01  1.72708e+01 
 1.71964e+01  1.73209e+01  1.71944e+01  1.72347e+01  1.72622e+01 
 1.72609e+01  1.72150e+01  1.72191e+01  1.72276e+01  1.72254e+01 
 1.71734e+01  1.70792e+01  1.71099e+01  1.72460e+01  1.72742e+01 
 1.72538e+01  1.72251e+01  1.72083e+01  1.72226e+01  1.72470e+01 
 1.71405e+01  1.72615e+01  1.72041e+01  1.72364e+01  1.72754e+01 
 1.72249e+01  1.72290e+01  1.72471e+01  1.72060e+01  1.72634e+01 
 1.72062e+01  1.72712e+01  1.71787e+01  1.71774e+01  1.72093e+01 
 1.72052e+01  1.72799e+01  1.72110e+01  1.72341e+01  1.72574e+01 
 1.72162e+01  1.72619e+01  1.71804e+01  1.72421e+01  1.72734e+01 
 1.73173e+01  1.72565e+01  1.72029e+01  1.72512e+01  1.72154e+01 
 1.72543e+01  1.72432e+01  1.72637e+01  1.72051e+01  1.73597e+01 
 1.72619e+01  1.72136e+01  1.71977e+01  1.72409e+01  1.72876e+01 

 eps = 1.000e-01 
-----------------
 1.73752e+01  1.72702e+01  1.73640e+01  1.69818e+01  1.74017e+01 
 1.71710e+01  1.73346e+01  1.72602e+01  1.71541e+01  1.71100e+01 
 1.72388e+01  1.72595e+01  1.71908e+01  1.71909e+01  1.73517e+01 
 1.73645e+01  1.72478e+01  1.71484e+01  1.71873e+01  1.73126e+01 
 1.73236e+01  1.72976e+01  1.71982e+01  1.70985e+01  1.72432e+01 
 1.70994e+01  1.73313e+01  1.74224e+01  1.72703e+01  1.72210e+01 
 1.72152e+01  1.72890e+01  1.71135e+01  1.72731e+01  1.73060e+01 
 1.73130e+01  1.71177e+01  1.71305e+01  1.71776e+01  1.71376e+01 
 1.71516e+01  1.72347e+01  1.70373e+01  1.71453e+01  1.73368e+01 
 1.72411e+01  1.73243e+01  1.72957e+01  1.72347e+01  1.74597e+01 
 1.72330e+01  1.71745e+01  1.71274e+01  1.73256e+01  1.71797e+01 
 1.72242e+01  1.73085e+01  1.71002e+01  1.72537e+01  1.71346e+01 
 1.72907e+01  1.69787e+01  1.72377e+01  1.72074e+01  1.71671e+01 
 1.72324e+01  1.72499e+01  1.71233e+01  1.74704e+01  1.72066e+01 
 1.73184e+01  1.72030e+01  1.71579e+01  1.71068e+01  1.72348e+01 
 1.71434e+01  1.73029e+01  1.72009e+01  1.73197e+01  1.72094e+01 
 1.72895e+01  1.72249e+01  1.72063e+01  1.71975e+01  1.72934e+01 
 1.71529e+01  1.73196e+01  1.72940e+01  1.71540e+01  1.74186e+01 
 1.72069e+01  1.72878e+01  1.71925e+01  1.71948e+01  1.73583e+01 
 1.72724e+01  1.72628e+01  1.72736e+01  1.73031e+01  1.71764e+01 
