
**********************************************************
*** MLMC file version 1.0     produced by              ***
*** C++ mlmc_test on Tue Jul 21 21:46:19 2026          ***
**********************************************************

**********************************************************
*** Convergence tests, kurtosis, telescoping sum check ***
*** using N =  20000 samples                           ***
**********************************************************

 l   ave(Pf-Pc)    ave(Pf)   var(Pf-Pc)    var(Pf)    kurtosis     check        cost 
---------------------------------------------------------------------------------------
 0   5.6821e+00  5.6821e+00  6.1176e+01  6.1176e+01  5.8799e+00  0.0000e+00  1.0000e+00 
 1  -9.7153e-08 -9.7153e-08  1.0000e-10  1.0000e-10  3.6544e-02  0.0000e+00  2.0000e+00 
 2   4.5502e-02  5.6145e+00  2.4855e-01  6.1782e+01  1.6919e+01  0.0000e+00  2.0000e+00 
 3   4.4312e-08 -7.0634e-08  1.0000e-10  1.0000e-10  9.8341e-01  3.2967e-01  4.0000e+00 
 4   4.3121e-02  5.7163e+00  3.6994e-02  6.1896e+01  1.1271e+01  0.0000e+00  4.0000e+00 
 5  -4.8640e-08 -1.1840e-07  1.0000e-10  1.0000e-10  1.3000e+00  1.7377e-01  8.0000e+00 
 6   2.6972e-02  5.7447e+00  6.3162e-03  6.2119e+01  9.7714e+00  0.0000e+00  8.0000e+00 
 7  -3.9872e-08 -1.1597e-07  1.0000e-10  1.0000e-10  2.4274e+00  4.2889e-03  1.6000e+01 
 8   1.5078e-02  5.8051e+00  1.2907e-03  6.3463e+01  9.8914e+00  0.0000e+00  1.6000e+01 
 9  -5.1907e-08 -1.4312e-07  1.0855e-10  1.0000e-10  5.4771e+00  1.3463e-01  3.2000e+01 
10   7.6796e-03  5.7669e+00  2.7191e-04  6.3208e+01  7.9864e+00  0.0000e+00  3.2000e+01 
11   0.0000e+00  0.0000e+00  1.0000e-10  1.0000e-10  0.0000e+00  1.3577e-01  6.4000e+01 
12   3.9084e-03  5.8260e+00  6.2461e-05  6.3808e+01  7.8550e+00  0.0000e+00  6.4000e+01 
13   0.0000e+00  0.0000e+00  1.0000e-10  1.0000e-10  0.0000e+00  1.6321e-01  1.2800e+02 
14   1.9442e-03  5.7415e+00  1.5592e-05  6.3362e+01  7.9037e+00  0.0000e+00  1.2800e+02 
15   0.0000e+00  0.0000e+00  1.0000e-10  1.0000e-10  0.0000e+00  2.5554e-01  2.5600e+02 
16   9.7332e-04  5.7238e+00  3.8046e-06  6.3633e+01  7.7666e+00  0.0000e+00  2.5600e+02 
17   0.0000e+00  0.0000e+00  1.0000e-10  1.0000e-10  0.0000e+00  5.5261e-02  5.1200e+02 
18   4.9778e-04  5.8075e+00  9.2787e-07  6.3619e+01  7.7943e+00  0.0000e+00  5.1200e+02 
19   0.0000e+00  0.0000e+00  1.0000e-10  1.0000e-10  0.0000e+00  2.4579e-01  1.0240e+03 
20   2.4957e-04  5.7773e+00  2.3879e-07  6.4153e+01  7.4652e+00  0.0000e+00  1.0240e+03 
21   0.0000e+00  0.0000e+00  1.0000e-10  1.0000e-10  0.0000e+00  8.9583e-02  2.0480e+03 

******************************************************
*** Linear regression estimates of MLMC parameters ***
******************************************************

 alpha = 0.887590  (exponent for MLMC weak convergence)
 beta  = 2.191556  (exponent for MLMC variance) 
 gamma = 1.000000  (exponent for MLMC cost) 

***************************** 
*** MLMC complexity tests *** 
***************************** 

  eps       value   mlmc_cost   std_cost  savings     N_l 
--------------------------------------------------------- 
0.0050  5.7649e+00  4.704e+06  8.651e+08   183.89   3859300      200   175913      200    48363      200    15452        1     4708        1     1474        1      460        1      164        1
0.0100  5.7633e+00  1.166e+06  1.089e+08    93.36    959340      200    44268      200    11960      200     3833        1     1138        1      342        1      123        1
0.0200  5.7492e+00  3.154e+05  1.348e+07    42.76    259924      200    11579      200     3318      200      974        1      313        1      103        1
0.0500  5.7779e+00  5.806e+04  1.083e+06    18.66     47799      200     1781      200      484      200      147        1       46        1
0.1000  5.6627e+00  1.388e+04  1.325e+05     9.55      9148      200      377      200      200      200       45        1

