
**********************************************************
*** MLMC file version 1.0     produced by              ***
*** C++ mlmc_test on Tue Jul 21 21:46:22 2026          ***
**********************************************************

**********************************************************
*** Convergence tests, kurtosis, telescoping sum check ***
*** using N =  20000 samples                           ***
**********************************************************

 l   ave(Pf-Pc)    ave(Pf)   var(Pf-Pc)    var(Pf)    kurtosis     check        cost 
---------------------------------------------------------------------------------------
 0   1.7746e+01  1.7746e+01  1.8676e+02  1.8676e+02  5.1432e+00  0.0000e+00  1.0000e+00 
 1  -2.8093e-07 -2.8093e-07  1.0000e-10  1.0000e-10  1.1445e-01  0.0000e+00  2.0000e+00 
 2  -1.1464e-01  1.7434e+01  1.3856e+00  1.9466e+02  9.3767e+00  0.0000e+00  2.0000e+00 
 3  -1.4842e-07 -4.0952e-07  1.0000e-10  1.0000e-10  8.8360e-01  3.2266e-01  4.0000e+00 
 4  -1.3738e-01  1.7402e+01  4.9173e-01  2.0371e+02  8.5002e+00  0.0000e+00  4.0000e+00 
 5  -7.9763e-08 -4.6639e-07  1.0000e-10  1.0000e-10  3.0087e+00  1.7169e-01  8.0000e+00 
 6  -8.9480e-02  1.7316e+01  1.4725e-01  2.0807e+02  9.3663e+00  0.0000e+00  8.0000e+00 
 7   7.5588e-08 -4.1712e-07  1.4252e-10  1.0000e-10  4.9960e+00  6.4124e-03  1.6000e+01 
 8  -5.1436e-02  1.7256e+01  3.9786e-02  2.0959e+02  8.4407e+00  0.0000e+00  1.6000e+01 
 9  -6.1369e-08 -5.5807e-07  2.7241e-10  1.7716e-10  5.4045e+00  1.4231e-02  3.2000e+01 
10  -2.8016e-02  1.7256e+01  1.0539e-02  2.1048e+02  1.2323e+01  0.0000e+00  3.2000e+01 
11   2.2237e-07 -4.0864e-07  5.1861e-10  3.4137e-10  5.7330e+00  4.5155e-02  6.4000e+01 
12  -1.3754e-02  1.7154e+01  2.6218e-03  2.1174e+02  8.6120e+00  0.0000e+00  6.4000e+01 
13   0.0000e+00  0.0000e+00  1.0000e-10  1.0000e-10  0.0000e+00  1.4292e-01  1.2800e+02 
14  -7.1407e-03  1.7163e+01  6.5322e-04  2.1473e+02  7.6847e+00  0.0000e+00  1.2800e+02 
15   0.0000e+00  0.0000e+00  1.0000e-10  1.0000e-10  0.0000e+00  2.5774e-02  2.5600e+02 
16  -3.4148e-03  1.7332e+01  1.6485e-04  2.1284e+02  7.5296e+00  0.0000e+00  2.5600e+02 
17   0.0000e+00  0.0000e+00  1.0000e-10  1.0000e-10  0.0000e+00  2.7781e-01  5.1200e+02 
18  -1.7779e-03  1.7257e+01  4.2815e-05  2.1834e+02  7.9613e+00  0.0000e+00  5.1200e+02 
19   0.0000e+00  0.0000e+00  1.0000e-10  1.0000e-10  0.0000e+00  1.1758e-01  1.0240e+03 
20  -9.0633e-04  1.7216e+01  1.0812e-05  2.1517e+02  8.1186e+00  0.0000e+00  1.0240e+03 
21   0.0000e+00  0.0000e+00  1.0000e-10  1.0000e-10  0.0000e+00  6.4127e-02  2.0480e+03 

******************************************************
*** Linear regression estimates of MLMC parameters ***
******************************************************

 alpha = 0.847758  (exponent for MLMC weak convergence)
 beta  = 1.914709  (exponent for MLMC variance) 
 gamma = 1.000000  (exponent for MLMC cost) 

***************************** 
*** MLMC complexity tests *** 
***************************** 

  eps       value   mlmc_cost   std_cost  savings     N_l 
--------------------------------------------------------- 
0.0050  1.7215e+01  2.175e+07  1.192e+10   548.29  14622764      200   902067      200   376611      200   145837        2    53975        1    19378        1     6856        1     2524        1      910        1      322        1
0.0100  1.7228e+01  5.412e+06  2.981e+09   550.79   3644702      200   224777      200    94026      200    36150        1    13073        1     4730        1     1737        1      623        1      211        1       83        1
0.0200  1.7232e+01  1.321e+06  1.832e+08   138.73    900052      200    55260      200    23584      200     8663        1     3405        1     1272        1      460        1      146        1
0.0500  1.7176e+01  2.075e+05  1.445e+07    69.67    141523      200     8820      200     3792      200     1424        1      513        1      188        1       70        1
0.1000  1.7134e+01  5.199e+04  1.796e+06    34.54     34695      200     2127      200      993      200      338        1      124        1       46        1

