
**********************************************************
*** MLMC file version 1.0     produced by              ***
*** C++ mlmc_test on Tue Jul 21 21:46:02 2026          ***
**********************************************************

**********************************************************
*** Convergence tests, kurtosis, telescoping sum check ***
*** using N =  20000 samples                           ***
**********************************************************

 l   ave(Pf-Pc)    ave(Pf)   var(Pf-Pc)    var(Pf)    kurtosis     check        cost 
---------------------------------------------------------------------------------------
 0   5.6821e+00  5.6821e+00  6.1176e+01  6.1176e+01  5.8799e+00  0.0000e+00  1.0000e+00 
 1  -9.7153e-08 -9.7153e-08  1.0000e-10  1.0000e-10  3.6544e-02  0.0000e+00  2.0000e+00 
 2   4.5502e-02  5.6145e+00  2.4855e-01  6.1782e+01  1.6919e+01  0.0000e+00  2.0000e+00 
 3   4.4312e-08 -7.0634e-08  1.0000e-10  1.0000e-10  9.8341e-01  3.2967e-01  4.0000e+00 
 4   4.3121e-02  5.7163e+00  3.6994e-02  6.1896e+01  1.1271e+01  0.0000e+00  4.0000e+00 
 5  -4.8640e-08 -1.1840e-07  1.0000e-10  1.0000e-10  1.3000e+00  1.7377e-01  8.0000e+00 
 6   2.6972e-02  5.7447e+00  6.3162e-03  6.2119e+01  9.7714e+00  0.0000e+00  8.0000e+00 
 7  -3.9872e-08 -1.1597e-07  1.0000e-10  1.0000e-10  2.4274e+00  4.2889e-03  1.6000e+01 
 8   1.5078e-02  5.8051e+00  1.2907e-03  6.3463e+01  9.8914e+00  0.0000e+00  1.6000e+01 
 9  -5.1907e-08 -1.4312e-07  1.0855e-10  1.0000e-10  5.4771e+00  1.3463e-01  3.2000e+01 
10   7.6796e-03  5.7669e+00  2.7192e-04  6.3208e+01  7.9861e+00  0.0000e+00  3.2000e+01 
11   1.8612e-07 -1.0949e-07  2.0825e-10  1.3959e-10  5.7181e+00  1.3577e-01  6.4000e+01 
12   3.8246e-03  5.7616e+00  6.3408e-05  6.3996e+01  7.5410e+00  0.0000e+00  6.4000e+01 
13  -5.9387e-08 -1.9707e-07  4.0601e-10  2.7605e-10  5.6472e+00  2.6989e-02  1.2800e+02 
14   1.9575e-03  5.7411e+00  1.5197e-05  6.2666e+01  7.9991e+00  0.0000e+00  1.2800e+02 
15   4.7740e-08 -6.7042e-08  8.5086e-10  5.6696e-10  5.5695e+00  6.6572e-02  2.5600e+02 
16   9.9788e-04  5.7947e+00  3.8145e-06  6.4100e+01  7.6070e+00  0.0000e+00  2.5600e+02 
17  -1.9137e-07 -4.5621e-07  1.7096e-09  1.0997e-09  5.5818e+00  1.5589e-01  5.1200e+02 
18   4.9740e-04  5.7757e+00  9.4397e-07  6.3418e+01  7.7202e+00  0.0000e+00  5.1200e+02 
19  -1.7327e-07 -3.4750e-07  3.2940e-09  2.1333e-09  5.6342e+00  5.7491e-02  1.0240e+03 
20   2.5006e-04  5.7647e+00  2.4183e-07  6.3584e+01  7.5963e+00  0.0000e+00  1.0240e+03 
21  -1.2400e-06 -9.1364e-07  6.7831e-09  4.2982e-09  5.5544e+00  3.3525e-02  2.0480e+03 

******************************************************
*** Linear regression estimates of MLMC parameters ***
******************************************************

 alpha = 0.886402  (exponent for MLMC weak convergence)
 beta  = 2.189934  (exponent for MLMC variance) 
 gamma = 1.000000  (exponent for MLMC cost) 

***************************** 
*** MLMC complexity tests *** 
***************************** 

  eps       value   mlmc_cost   std_cost  savings     N_l 
--------------------------------------------------------- 
0.0050  5.7636e+00  5.259e+06  1.750e+09   332.81   4365638      200   177032      200    54638      200    15530        1     4651        1     1520        1      489        1      164        1       69        1
0.0100  5.7556e+00  1.178e+06  2.139e+08   181.64    963078      200    44190      200    12094      200     3858        1     1107        1      386        1      128        1       42        1
0.0200  5.7754e+00  3.406e+05  1.348e+07    39.59    285360      200    11078      200     3108      200     1002        1      374        1      117        1
0.0500  5.6910e+00  4.823e+04  1.083e+06    22.46     37903      200     1747      200      498      200      165        1       42        1
0.1000  5.5965e+00  1.335e+04  6.602e+04     4.94      8923      200      415      200      200      200

