
**********************************************************
*** MLMC file version 1.0     produced by              ***
*** C++ mlmc_test on Tue Jul 21 21:46:09 2026          ***
**********************************************************

**********************************************************
*** Convergence tests, kurtosis, telescoping sum check ***
*** using N =  20000 samples                           ***
**********************************************************

 l   ave(Pf-Pc)    ave(Pf)   var(Pf-Pc)    var(Pf)    kurtosis     check        cost 
---------------------------------------------------------------------------------------
 0   1.7746e+01  1.7746e+01  1.8676e+02  1.8676e+02  5.1432e+00  0.0000e+00  1.0000e+00 
 1  -2.8093e-07 -2.8093e-07  1.0000e-10  1.0000e-10  1.1445e-01  0.0000e+00  2.0000e+00 
 2  -1.1464e-01  1.7434e+01  1.3856e+00  1.9466e+02  9.3767e+00  0.0000e+00  2.0000e+00 
 3  -1.4842e-07 -4.0952e-07  1.0000e-10  1.0000e-10  8.8360e-01  3.2266e-01  4.0000e+00 
 4  -1.3738e-01  1.7402e+01  4.9173e-01  2.0371e+02  8.5002e+00  0.0000e+00  4.0000e+00 
 5  -7.9763e-08 -4.6639e-07  1.0000e-10  1.0000e-10  3.0087e+00  1.7169e-01  8.0000e+00 
 6  -8.9480e-02  1.7316e+01  1.4725e-01  2.0807e+02  9.3663e+00  0.0000e+00  8.0000e+00 
 7   7.5588e-08 -4.1712e-07  1.4252e-10  1.0000e-10  4.9960e+00  6.4124e-03  1.6000e+01 
 8  -5.1436e-02  1.7256e+01  3.9786e-02  2.0959e+02  8.4407e+00  0.0000e+00  1.6000e+01 
 9  -6.1369e-08 -5.5807e-07  2.7241e-10  1.7716e-10  5.4045e+00  1.4231e-02  3.2000e+01 
10  -2.8016e-02  1.7256e+01  1.0539e-02  2.1048e+02  1.2323e+01  0.0000e+00  3.2000e+01 
11   2.2237e-07 -4.0864e-07  5.1861e-10  3.4137e-10  5.7330e+00  4.5155e-02  6.4000e+01 
12  -1.3754e-02  1.7154e+01  2.6218e-03  2.1174e+02  8.6115e+00  0.0000e+00  6.4000e+01 
13   6.9633e-08 -3.9904e-07  1.0393e-09  6.9964e-10  6.0346e+00  1.4292e-01  1.2800e+02 
14  -7.1087e-03  1.7204e+01  6.5730e-04  2.1099e+02  8.2781e+00  0.0000e+00  1.2800e+02 
15   3.7433e-08 -5.3586e-07  2.1109e-09  1.3976e-09  5.9129e+00  9.3204e-02  2.5600e+02 
16  -3.4602e-03  1.7359e+01  1.6996e-04  2.2060e+02  7.9176e+00  0.0000e+00  2.5600e+02 
17  -6.5678e-09 -6.8078e-07  4.2040e-09  2.7384e-09  5.7888e+00  2.5323e-01  5.1200e+02 
18  -1.8020e-03  1.7220e+01  4.1909e-05  2.1236e+02  7.6596e+00  0.0000e+00  5.1200e+02 
19   4.0598e-07 -3.0719e-07  8.5290e-09  5.4751e-09  5.7993e+00  2.2013e-01  1.0240e+03 
20  -8.7656e-04  1.7226e+01  1.0358e-05  2.1286e+02  7.7094e+00  0.0000e+00  1.0240e+03 
21  -2.0863e-06 -1.8964e-06  1.7388e-08  1.1011e-08  5.8461e+00  1.2021e-02  2.0480e+03 

******************************************************
*** Linear regression estimates of MLMC parameters ***
******************************************************

 alpha = 0.849101  (exponent for MLMC weak convergence)
 beta  = 1.917902  (exponent for MLMC variance) 
 gamma = 1.000000  (exponent for MLMC cost) 

***************************** 
*** MLMC complexity tests *** 
***************************** 

  eps       value   mlmc_cost   std_cost  savings     N_l 
--------------------------------------------------------- 
0.0050  1.7215e+01  2.170e+07  1.160e+10   534.55  14602904      200   902699      200   375532      200   146088        2    53798        1    19543        1     6902        1     2472        1      855        1      291        1
0.0100  1.7222e+01  5.355e+06  1.506e+09   281.24   3627396      200   222772      200    93475      200    36260        1    13155        1     4830        1     1709        1      632        1      230        1
0.0200  1.7240e+01  1.315e+06  1.800e+08   136.95    898771      200    55831      200    23224      200     8767        1     3254        1     1198        1      431        1      156        1
0.0500  1.7191e+01  2.092e+05  1.445e+07    69.10    142290      200     8958      200     3710      200     1466        1      511        1      202        1       74        1
0.1000  1.7111e+01  5.114e+04  1.796e+06    35.12     34040      200     2093      200      878      200      363        1      130        1       47        1

